15610
3585
7807
3398
6415
5729
15967
2895
6753
8847
5688
2860
2720
5394
19792
10163
4313
5817
3983
10105
3397
10074
13009
9046
11567
23008
6018
5365
8178
7285
10341
8479
8876
8279
4820
5290
10341
3368
4428
3390
5441
18272
9211
3094
3123
4311
6755
2674
7328
3765
14392
7226
10534
6925
30086
5527
4596
21339
4118
6144
4097
2629
6496
4801
5361
1558
9513
8701
11674
5532
7283
9174
2313
4982
2893
2846
4538
6788
5916
4245
6364
2986
9532
10690
5593
3375
9999
4164
4315
3717
8083
2805
7106
5519
14267
15627
3619
4580
9950
2537
12668
6427
4394
11791
6520
6518
7201
7649
2660
9613
11257
9309
11297
9410
9071
1954
23292
4545
4702
7600
5845
15818
7735
2739
5215
4900
8798
2878
11726
6932
15634
9400
4328
7165
10168
9045
11642
8656
6181
10879
2322
2955
4320
3293
4306
4996
4510
4911
12688
17771
10302
3016
7023
8121
13561
1880
4395
7259
4382
3787
3016
7268
6162
2391
4279
2656
8483
2380
4626
3625
7285
2520
2739
3440
6393
1692
6962
3411
2788
13710
8597
5347
9758
7334
7326
3799
3640
3164
4913
8531
2213
3512
6882
2537
9530
2337
7521
6709
8508
7743
2188
3271
1787
2082
7287
6048
14311
7972
7077
4972
6876
6530
5785
6594
4339
11571
9234
4403
5395
19922
3340
6722
4288
2420
18233
6227
6317
3949
2209
7272
13395
3588
6208
10641
2976
7481
5739
3122
6060
11896
5509
4477
10356
7063
3074
4572
1717
4372
11942
7686
6430
2274
4507
2945
2870
4674
4080
5554
5777
2607
6664
2669
4125
1322
6028
5954
11999
4660
4322
10729
10272
5036
6481
3137
10185
2327
5426
6857
12410
23823
4836
5578
1831
4093
10152
5851
5010
10188
5471
4922
8316
2090
36595
4474
1695
4028
6568
9344
6839
5281
7230
7941
5760
39486
9122
4332
6391
4547
4618
4546
8339
6604
6113
5799
12502
6249
11259
7190
7812
3523
5797
3083
2006
9409
5805
6624
27441
2100
7601
5033
6988
2007
6353
4580
7063
4715
7512
2886
8660
2322
3418
10985
2159
4812
3096
5977
9492
11860
5696
8893
10924
3676
3202
8901
11971
4296
4068
7786
5258
4540
5100
1799
5396
5629
4928
4971
8775
6734
3365
3161
6337
8486
3809
3285
6042
4610
5967
3439
7977
2222
6748
6745
6037
1975
6198
2989
2194
3409
2644
2731
2495
2238
9516
7509
7594
2680
5047
2722
6021
3735
6213
8359
8902
5212
15394
6271
9686
2559
10821
5904
18302
7964
4377
12167
9091
2239
3494
3609
3080
3029
7701
25333
4781
5290
4129
2974
2735
3112
6218
6943
6198
2356
3055
3008
8577
2474
1948
4197
4202
2082
5738
3742
1787
3799
7402
2344
9148
5566
4429
5701
7052
2591
6659
5583
9436
3022
4895
5226
24364
1512
3245
8749
2220
3796
6385
6732
3502
4728
10406
10040
3505
3343
11001
6742
10365
2999
3856
6165
7548
5332
6483
8892
3015
3012
6310
5035
12105
6098
4775
5637
6530
4435
7937
7956
11686
9798
5306
2936
9348
11910
21241
5836
2159
1935
5369
4660
6035
4462
3555
5509
12872
4723
3935
5202
11112
3622
1905
11686
6393
2817
6745
6257
11706
8123
5602
4338
19965
5323
7485
5869
10055
10646
5840
7274
9171
2932
9140
6203
4544
2360
3253
5247
3049
3532
4812
3501
3120
2860
9200
10757
11641
7403
6295
11690
6004
4684
8654
4211
13710
3846
5289
5840
7319
5274
6336
2415
4645
5797
6567
3553
2174
9107
2788
2075
5833
3774
4412
12846
6709
5277
15935
7298
7544
3640
5390
10478
2472
5226
6857
11808
2010
6877
4428
5236
8319
7696
3581
7882
13779
2369
5676
2611
11639
4491
17331
2673
4628
4110
9372
4699
3139
6871
14353
8107
3279
5221
2808
5152
6610
46242
6155
2868
6160
5245
2751
8958
2741
2219
6882
7323
2402
11046
7389
2998
7992
4909
4296
4653
3410
9835
8814
2567
11691
9671
3874
6486
3853
4886
9364
4957
4608
5878
10710
3242
8150
4866
7009
10053
17578
4238
5657
4353
2597
5959
3174
4141
2712
4472
2371
8104
17575
3729
3438
6281
22907
3528
4530
2094
2653
11409
7468
5131
3126
4897
3490
7691
1986
8877
10950
5468
3187
5257
6884
3778
9337
3494
2515
9641
6923
3615
7342
8737
11119
7757
8396
7015
10466
4380
7458
6942
9482
7930
10557
6653
9801
11752
3512
3529
3142
2297
10500
10116
2111
5037
10869
1473
9509
3358
5380
5504
9750
4591
7809
18885
6225
3474
8172
2558
5009
7175
3043
3159
14240
7526
6340
4911
3504
6674
5708
5214
6017
3405
9324
7257
5391
5682
8519
6487
11799
6411
4671
4964
4730
4884
5235
1411
3897
6305
5825
5220
10172
4094
6404
5061
1683
6066
9541
4604
6529
2221
5515
6844
2326
6489
6095
7266
6553
5051
4224
5910
3917
2517
6582
1985
3842
5737
5243
7209
4220
5951
7171
3852
5887
5051
5251
2084
11768
9553
8382
7373
5764
3847
8452
6233
4701
8082
4593
4124
5570
3512
9193
5499
2610
11523
8213
4916
2571
4915
2574
7367
9608
2296
13914
7200
2508
4353
8922
3480
7492
4689
4368
11757
6179
4852
40421
11941
8021
8751
6085
4234
10866
3887
3665
6175
7709
3075
38828
8129
5775
4565
3197
4863
2039
9999
10040
3766
6902
4439
4286
7071
5979
4112
13001
4103
10317
2546
5703
6176
5149
3416
5829
14115
13474
2510
11488
6037
9383
4733
2291
1907
4331
2510
5845
5156
1824
3915
5480
7014
3576
8145
6425
7986
7685
15229
10569
10367
4941
3692
18615
4264
9929
4940
6502
6374
5776
2470
5722
6592
5656
3152
5864
4931
4530
5606
5477
4124
16948
2510
11643
5048
5381
4977
6306
2554
4772
3908
2706
6793
3005
6017
7439
5484
3001
2709
6255
2321
14939
3052
8332
15496
5668
3834
3698
5467
12215
3239
6537
15714
4183
29852
8606
3061
2945
1827
4768
1692
1464
2878
2150
2489
5182
2197
5931
3023
4971
9914
7175
3036
7588
5559
3501
2973
3037
4703
6009
8384
4554
5246
9322
2589
3380
3524
3310
3480
5748
5215
8026
3142
3508
3981
