10829
5901
7536
7013
7750
5568
8436
7234
3688
16439
6749
9916
8036
4921
5866
3499
4369
4462
5378
6745
4537
5239
6938
5280
3671
4070
7635
5772
6278
5546
6711
3756
3387
3377
5710
6344
6019
6882
5715
5674
4353
6671
4457
4201
4968
3586
5812
7212
3232
5077
7352
6564
11634
15744
7220
7923
5577
3726
4274
8774
3941
3703
4470
6436
6379
3725
4796
11291
4235
5494
9439
8734
4638
5802
5419
7834
5243
2864
4262
5527
4530
4073
12213
5140
10770
5145
5371
7051
5812
6034
5253
3189
3773
2973
5941
5458
3630
3541
7642
2254
4536
4894
4173
5715
4497
3023
5806
5368
4573
5587
4746
5412
4784
3533
5716
3730
4212
4198
4137
6173
5126
7209
10035
4695
5275
11418
7987
7111
3458
6989
6537
4938
5056
6433
7422
17522
6963
10753
6913
4735
3551
3739
6216
7273
5009
5308
4530
4477
2767
7176
4104
4934
3276
4270
6619
5380
4751
3329
4004
4580
2629
5647
5863
6793
3890
4325
5885
5633
13013
6756
7833
9837
8505
3462
7116
6496
5942
6781
5781
2587
4823
8265
8181
3268
13749
7646
4965
4128
6565
8136
4862
7460
2995
5895
6410
3079
5199
5206
3291
9594
3515
4964
6456
3293
2804
5249
5799
4478
5176
4508
5737
6476
4217
7529
8046
3674
8728
5712
7730
5655
5586
4102
4511
5206
4462
4497
5423
2598
3973
5832
5210
6397
4204
5019
6113
5833
2824
5321
5136
3632
7239
6583
6463
5420
6518
4284
4782
5082
3851
4952
3826
3465
3482
4070
6573
13597
4518
7953
4783
5958
5530
5328
4431
7017
3099
4794
4770
3576
3083
15733
5580
8461
2927
7940
4297
5856
3887
3746
4721
4846
6510
6367
2937
2418
3160
3929
3869
4103
3183
2582
4685
3172
4564
8030
4798
4944
3009
2799
12286
6868
8149
3870
6436
4423
5841
3262
6424
4002
1935
3975
2644
4831
3631
4642
2438
3059
4377
2517
3063
3267
3114
4589
2493
5251
5171
4309
2515
3692
3641
3552
6005
7427
4730
8644
6506
5975
5145
7110
3539
6497
4670
18872
4992
9252
4388
6973
4873
6529
5055
4961
3476
6466
2291
5210
3789
3885
5016
5485
3555
7794
4672
3857
4470
4787
4715
6167
8535
2038
4139
4832
11944
3088
2322
2361
6520
3206
2241
5003
3114
4989
2658
4398
2997
2995
3245
4372
5043
2138
3118
4900
2890
2259
6841
2321
4816
8050
4796
7189
4853
3350
5778
5737
2842
5463
2656
6691
7819
4916
3135
5944
3297
3823
2978
4748
4123
4573
3769
4170
3261
3490
3312
5096
3678
4687
5751
5509
6828
4797
5488
5375
2280
4523
3452
3114
8021
4752
2693
5403
5696
4504
4802
5172
6706
4067
6206
4218
5728
4189
2931
4601
2106
4061
4677
3320
6578
6965
13156
4672
9118
4214
6686
4231
6385
4634
4912
5299
4968
4593
3145
3001
4619
4506
4309
5235
2693
2356
4332
3531
5565
4687
2476
5149
3110
3578
6388
14570
5300
3263
4834
2833
5359
7482
2860
2948
4633
3657
3253
4552
3123
4368
4545
4286
4895
2073
3770
3837
2676
3491
2718
3259
3955
2374
3569
6266
14311
3223
5538
4706
5784
4083
3272
3957
4487
2558
4544
3382
2246
3622
4085
3591
3581
4320
4429
3745
3809
3103
3954
3449
5814
6214
2936
5116
2909
14886
5320
3527
4284
3090
4512
2205
3535
2913
3415
5358
6732
3272
2686
4622
2853
3401
8544
1888
7550
4354
7002
3409
5690
3117
2783
3230
1934
4946
4378
2507
4725
3339
2757
3904
2786
2882
2244
3157
4725
4835
2490
3648
5283
5603
6515
4146
3193
3800
5093
3481
5121
3358
5216
4773
5659
4216
4524
3570
2401
4044
4924
3351
5722
4574
4008
5084
4727
3062
5076
3214
4684
3143
5869
4808
3100
4673
15277
6205
6087
2885
3207
5267
5582
4482
5456
3621
3506
2567
4741
5321
5945
5048
3743
4570
4972
3181
3858
5171
2591
3398
2789
12993
3626
7707
3633
5770
5180
6727
4569
3949
3758
2759
4069
3151
5487
4407
3284
3343
2600
2727
4646
4105
4431
4739
2488
3727
3962
3662
6199
8516
13760
4764
6963
3809
5994
2749
5070
2637
2740
4253
2543
2961
4971
3076
7136
4197
2533
3417
2860
4824
2056
2150
5790
2676
5867
3599
2728
4150
2892
5566
5047
7228
3274
5941
4506
6715
3398
4352
3795
6565
6116
3332
4829
4045
4023
3067
3482
2543
3361
4921
4875
2886
3487
4165
4869
3717
7764
4272
2645
3020
6810
6891
2425
5703
3585
2415
5311
6638
3115
4241
6007
4956
6997
14043
3310
8177
4109
4258
4724
9390
3135
5131
5693
6936
4146
4114
3603
13955
3141
3124
4906
3007
4363
4937
2663
3084
2213
3503
3309
3888
2716
3875
13629
3360
7265
4728
5741
4331
7403
3276
5302
5796
2459
4459
5377
3928
4795
15702
2882
4291
6599
4821
6329
2516
2276
2884
3082
3552
6658
2618
4651
3640
2997
3797
5319
2648
2374
8086
3364
5647
6358
4760
3638
5998
3626
13472
6033
5047
5086
4678
2712
2969
7195
3344
4542
5337
4229
4162
2349
2013
3801
3896
2808
4840
2938
3498
5887
3728
4512
3294
4826
2798
4814
2452
3469
4697
2189
4807
7706
9253
4798
4540
3586
4150
4374
4310
4586
2551
3285
4738
2282
4090
6393
4630
4436
6978
4576
4781
4581
3757
3357
5757
3759
11633
4988
8578
5396
10208
6568
3104
3683
4353
7489
4204
1963
3132
4149
3163
5091
5143
3258
10372
6762
3520
2071
4198
4265
2178
4238
2360
4555
3241
12732
4709
3638
5464
3146
4952
4812
5058
4665
3323
3775
2771
6132
3280
7334
2920
2557
4906
6118
10104
4443
8131
4411
5290
4882
4434
4290
5849
3389
4690
3157
4645
2581
4503
3253
5319
3301
4440
4648
5328
3886
3213
4856
4216
4842
3386
3258
5717
8742
3263
7034
4462
4565
4005
4601
4728
2727
2879
3918
4370
3065
3855
5054
4433
4453
4192
5842
2901
4174
2627
5644
3549
4521
6032
2860
2930
4455
4580
3929
6391
4338
4848
1837
2802
3683
5340
3634
15155
5279
4234
4882
2397
4094
2405
