19.998088,2.000000
19.998058,2.000000
19.998028,2.000000
20.001748,2.000125
20.005468,2.000250
20.009188,2.000250
20.016656,2.000375
20.020375,2.000500
20.024092,2.000500
20.031558,2.000625
20.035275,2.000625
20.038992,2.000500
20.046455,2.000500
20.053918,2.000625
20.061379,2.000750
20.068839,2.000750
20.076298,2.000750
20.080012,2.000750
20.079982,2.000750
20.079952,2.000750
20.079922,2.000750
20.079892,2.000750
20.079862,2.000750
20.083575,2.000750
20.087289,2.000750
20.087259,2.000750
20.087228,2.000750
20.087198,2.000750
20.090911,2.000875
20.094624,2.001000
20.094594,2.001000
20.094564,2.001000
20.094533,2.001000
20.094503,2.001000
20.098215,2.001000
20.101928,2.001000
20.105639,2.001000
20.109351,2.001000
20.109321,2.001000
20.113032,2.001000
20.116743,2.001000
20.116713,2.001000
20.116682,2.001000
20.120393,2.001000
20.124104,2.001000
20.124073,2.001000
20.124043,2.001000
20.127753,2.001000
20.131463,2.001000
20.131433,2.001000
20.131403,2.001000
20.135113,2.001000
20.142562,2.001000
20.150011,2.001000
20.157458,2.001000
20.161167,2.001000
20.164874,2.001125
20.172319,2.001250
20.176026,2.001250
20.175996,2.001250
20.175965,2.001250
20.179671,2.001250
20.183378,2.001250
20.183347,2.001250
20.187053,2.001250
20.194495,2.001250
20.201936,2.001250
20.209376,2.001250
20.216815,2.001250
20.224253,2.001250
20.231690,2.001375
20.235393,2.001500
20.235363,2.001500
20.235332,2.001500
20.235302,2.001500
20.235271,2.001500
20.235241,2.001500
20.238943,2.001500
20.242644,2.001500
20.242614,2.001500
20.242583,2.001500
20.242553,2.001500
20.242522,2.001500
20.242492,2.001500
20.242461,2.001500
20.242430,2.001500
20.246132,2.001500
20.249833,2.001500
20.249803,2.001500
20.249772,2.001500
20.249742,2.001500
20.253443,2.001500
20.260875,2.001500
20.264576,2.001500
20.264545,2.001500
20.268245,2.001500
20.271945,2.001500
20.271914,2.001500
20.271884,2.001500
20.275583,2.001500
20.283013,2.001500
20.286712,2.001500
20.286681,2.001500
20.290380,2.001500
20.294079,2.001500
20.294048,2.001500
20.297746,2.001625
20.301444,2.001750
20.305141,2.001750
20.308838,2.001750
20.308807,2.001750
20.308776,2.001750
20.308746,2.001750
20.308715,2.001750
20.308684,2.001750
20.312381,2.001750
20.316077,2.001750
20.319774,2.001750
20.327196,2.001750
20.330892,2.001750
20.330862,2.001625
20.330831,2.001500
20.334526,2.001500
20.338222,2.001500
20.338191,2.001500
20.341886,2.001500
20.349307,2.001500
20.353002,2.001500
20.352972,2.001500
20.356666,2.001625
20.360360,2.001750
20.360329,2.001750
20.360298,2.001750
20.360267,2.001750
20.360236,2.001750
20.363929,2.001875
20.371346,2.002000
20.375038,2.002000
20.375007,2.002000
20.374976,2.002000
20.378668,2.002000
20.386083,2.002000
20.393496,2.002000
20.400909,2.002000
20.404600,2.001875
20.404569,2.001750
20.404538,2.001750
20.404507,2.001750
20.404476,2.001750
20.408166,2.001750
20.415578,2.001750
20.422988,2.001875
20.426678,2.002000
20.430366,2.002000
20.434055,2.002000
20.434024,2.002000
20.437712,2.002000
20.445119,2.002000
20.452525,2.002000
20.459930,2.002000
20.467334,2.002000
20.471021,2.002000
20.470989,2.001875
20.474675,2.001750
20.478362,2.001750
20.482047,2.001750
20.485733,2.001750
20.485701,2.001750
20.485670,2.001750
20.485639,2.001750
20.485607,2.001750
20.485576,2.001750
20.489261,2.001875
20.492946,2.002000
20.496630,2.002000
20.504029,2.002000
20.507713,2.002000
20.511397,2.002000
20.515080,2.002000
20.518762,2.002000
20.522445,2.002000
20.522414,2.002000
20.526096,2.002000
20.529778,2.002000
20.533460,2.002000
20.537142,2.002000
20.540823,2.002125
20.544504,2.002250
20.544472,2.002250
20.544441,2.002250
20.544409,2.002250
20.548090,2.002250
20.551770,2.002250
20.551739,2.002250
20.551707,2.002250
20.551676,2.002250
20.551644,2.002250
20.555324,2.002250
20.562715,2.002250
20.566395,2.002250
20.566363,2.002250
20.570042,2.002250
20.573721,2.002250
20.577399,2.002375
20.581077,2.002500
20.581046,2.002500
20.584723,2.002500
20.592109,2.002625
20.595786,2.002750
20.595755,2.002750
20.595723,2.002750
20.599399,2.002750
20.606782,2.002750
20.610458,2.002750
20.610427,2.002750
20.610395,2.002750
20.610363,2.002750
20.610332,2.002750
20.610300,2.002750
20.610268,2.002750
20.610237,2.002750
20.610205,2.002750
20.610173,2.002750
20.610142,2.002750
20.613817,2.002750
20.617492,2.002750
20.617460,2.002750
20.621135,2.002875
20.624809,2.003000
20.624777,2.003000
20.624746,2.003000
20.628419,2.003000
20.632093,2.003000
20.635766,2.003000
20.643144,2.003000
20.650521,2.003125
20.654194,2.003250
20.657865,2.003250
20.661536,2.003250
20.661504,2.003250
20.665175,2.003250
20.672548,2.003250
20.676219,2.003250
20.679889,2.003250
20.683559,2.003250
20.683527,2.003250
20.687196,2.003250
20.694567,2.003250
20.701936,2.003250
20.705605,2.003250
20.709273,2.003250
20.712941,2.003250
20.712909,2.003250
20.712877,2.003250
20.712845,2.003250
20.712813,2.003250
20.712781,2.003250
20.712749,2.003250
20.712717,2.003250
20.712685,2.003250
20.712653,2.003250
20.712622,2.003250
20.716289,2.003375
20.719956,2.003500
20.719924,2.003500
20.719892,2.003500
20.719860,2.003500
20.723527,2.003500
20.727193,2.003500
20.727161,2.003500
20.727129,2.003500
20.727097,2.003500
20.727065,2.003500
20.727033,2.003500
20.727001,2.003500
20.730667,2.003500
20.734334,2.003500
20.737999,2.003500
20.741665,2.003500
20.741633,2.003500
20.741601,2.003500
20.745266,2.003500
20.752628,2.003500
20.756293,2.003500
20.759957,2.003500
20.763621,2.003500
20.767285,2.003500
20.770949,2.003500
20.770916,2.003500
20.770884,2.003500
20.774548,2.003500
20.781906,2.003500
20.785569,2.003500
20.789231,2.003500
20.796588,2.003500
20.803943,2.003500
20.811298,2.003500
20.818652,2.003500
20.822313,2.003500
20.825973,2.003500
20.829632,2.003500
20.829600,2.003500
20.829568,2.003500
20.829536,2.003500
20.829503,2.003500
20.833162,2.003625
20.840513,2.003750
20.844171,2.003750
20.844139,2.003750
20.844107,2.003750
20.847765,2.003750
20.851423,2.003750
20.855080,2.003750
20.858738,2.003750
20.858705,2.003750
20.862362,2.003750
20.869708,2.003750
20.873365,2.003750
20.873333,2.003750
20.873300,2.003750
20.876957,2.003750
20.880613,2.003750
20.884268,2.003750
20.887924,2.003750
20.887891,2.003750
20.887859,2.003750
20.891514,2.003750
20.895169,2.003750
20.895137,2.003750
20.898791,2.003875
20.902445,2.004000
20.902413,2.004000
20.906067,2.004000
20.909720,2.004000
20.909688,2.004000
20.913341,2.004000
20.920680,2.004125
20.928017,2.004250
20.931669,2.004250
20.931637,2.004250
20.935288,2.004250
20.938939,2.004250
20.938907,2.004250
20.938874,2.004250
20.942525,2.004250
20.946176,2.004250
20.949826,2.004250
20.953477,2.004250
20.953444,2.004250
20.953411,2.004250
20.953379,2.004250
20.957029,2.004250
20.960678,2.004250
20.964328,2.004250
20.967977,2.004250
20.971626,2.004375
20.978956,2.004500
20.982604,2.004375
20.986252,2.004250
20.989900,2.004250
20.989867,2.004250
20.993515,2.004250
20.997163,2.004250
20.997130,2.004250
20.997097,2.004250
21.000744,2.004250
21.004391,2.004250
21.008038,2.004250
21.011684,2.004250
21.011652,2.004250
21.015297,2.004375
21.018943,2.004500
21.022589,2.004500
21.026234,2.004500
21.029878,2.004500
21.033523,2.004500
21.037167,2.004625
21.044488,2.004750
21.051807,2.004750
21.059126,2.004875
21.066442,2.005000
21.070084,2.005000
21.070051,2.005000
21.070018,2.005000
21.069985,2.005000
21.069952,2.005000
21.069919,2.005000
21.069886,2.005000
21.069853,2.005000
21.069820,2.005000
21.069787,2.005000
21.073428,2.005000
21.077069,2.005000
21.080710,2.005000
21.088023,2.005000
21.095336,2.005000
21.098976,2.005000
21.098943,2.005000
21.102582,2.005000
21.106221,2.005000
21.109860,2.005000
21.113498,2.005000
21.113465,2.005000
21.117103,2.005125
21.124412,2.005250
21.131719,2.005250
21.135356,2.005250
21.138992,2.005250
21.146298,2.005250
21.149934,2.005250
21.149900,2.005250
21.153536,2.005250
21.157171,2.005250
21.160806,2.005250
21.164441,2.005250
21.164407,2.005250
21.164374,2.005250
21.164341,2.005250
21.164308,2.005250
21.164274,2.005250
21.164241,2.005250
21.164208,2.005250
21.164174,2.005250
21.167809,2.005250
21.175111,2.005250
21.178745,2.005250
21.178711,2.005250
21.178678,2.005250
21.178645,2.005250
21.182278,2.005250
21.189578,2.005250
21.193211,2.005250
21.196844,2.005250
21.204142,2.005250
21.207774,2.005250
21.207740,2.005250
21.207707,2.005250
21.211339,2.005250
21.214970,2.005250
21.214937,2.005250
21.214903,2.005250
21.214870,2.005250
21.214836,2.005250
21.218467,2.005250
21.225763,2.005250
21.229393,2.005250
21.229360,2.005250
21.229327,2.005250
21.229293,2.005250
21.232923,2.005250
21.236553,2.005250
21.240183,2.005250
21.247475,2.005250
21.254767,2.005250
21.258396,2.005250
21.258363,2.005250
21.258329,2.005250
21.258295,2.005250
21.258262,2.005250
21.261890,2.005250
21.265518,2.005250
21.265485,2.005250
21.269112,2.005250
21.272740,2.005250
21.272707,2.005250
21.272673,2.005250
21.272639,2.005250
21.272606,2.005250
21.272572,2.005250
21.272539,2.005250
21.272505,2.005250
21.272471,2.005250
21.272438,2.005250
21.272404,2.005250
21.272371,2.005250
21.272337,2.005125
21.272303,2.005000
21.275931,2.005000
21.279559,2.005000
21.279525,2.005000
21.279492,2.005000
21.283119,2.005000
21.286746,2.005000
21.286713,2.005000
21.286679,2.005000
21.286645,2.005000
21.286612,2.005000
21.286578,2.005000
21.290205,2.005000
21.293832,2.005000
21.297458,2.005000
21.301084,2.005000
21.304710,2.005000
21.308336,2.005000
21.311961,2.005000
21.315587,2.005000
21.315553,2.005000
21.319178,2.005125
21.322802,2.005250
21.322769,2.005250
21.322735,2.005250
21.322701,2.005250
21.326325,2.005250
21.333607,2.005250
21.340888,2.005250
21.344511,2.005250
21.344477,2.005250
21.344443,2.005250
21.344409,2.005250
21.344376,2.005250
21.347998,2.005250
21.351621,2.005250
21.351587,2.005250
21.355209,2.005250
21.358831,2.005250
21.362453,2.005250
21.369729,2.005375
21.373351,2.005500
21.376971,2.005625
21.384244,2.005750
21.387864,2.005750
21.391482,2.005875
21.398753,2.006000
21.402371,2.006000
21.402337,2.006000
21.402303,2.006000
21.402269,2.005875
21.402235,2.005750
21.405853,2.005750
21.413123,2.005750
21.416740,2.005750
21.416706,2.005750
21.420323,2.005750
21.423940,2.005750
21.423906,2.005750
21.423872,2.005750
21.423838,2.005750
21.427454,2.005750
21.434721,2.005750
21.438337,2.005750
21.438303,2.005750
21.438269,2.005750
21.438235,2.005750
21.441851,2.005750
21.449116,2.005750
21.456380,2.005750
21.463643,2.005750
21.467258,2.005750
21.467223,2.005750
21.470837,2.005750
21.474451,2.005750
21.474417,2.005750
21.474382,2.005750
21.474348,2.005750
21.477961,2.005750
21.481575,2.005750
21.481540,2.005750
21.481506,2.005750
21.481472,2.005625
21.481438,2.005500
21.481404,2.005500
21.481369,2.005500
21.481335,2.005500
21.481301,2.005500
21.481267,2.005500
21.484880,2.005500
21.488493,2.005500
21.492106,2.005500
21.495718,2.005500
21.499331,2.005500
21.502943,2.005500
21.502909,2.005500
21.502874,2.005500
21.502840,2.005500
21.502806,2.005500
21.502772,2.005500
21.502737,2.005500
21.506349,2.005500
21.513607,2.005500
21.517218,2.005500
21.517184,2.005500
21.517150,2.005500
21.517115,2.005500
21.517081,2.005500
21.517047,2.005500
21.517012,2.005500
21.520623,2.005625
21.527878,2.005750
21.531488,2.005750
21.531454,2.005750
21.535063,2.005750
21.538673,2.005750
21.538638,2.005750
21.538604,2.005625
21.542213,2.005625
21.549466,2.005750
21.553074,2.005750
21.556682,2.005875
21.560290,2.006000
21.560256,2.006000
21.563863,2.006000
21.571111,2.006000
21.574718,2.006000
21.578324,2.006125
21.581930,2.006250
21.585535,2.006250
21.592780,2.006375
21.596385,2.006500
21.599988,2.006500
21.607230,2.006500
21.614472,2.006500
21.618075,2.006500
21.618040,2.006500
21.618006,2.006500
21.621608,2.006500
21.625211,2.006500
21.625176,2.006500
21.625141,2.006500
21.625107,2.006500
21.625072,2.006500
21.628674,2.006500
21.632276,2.006500
21.632242,2.006500
21.632207,2.006500
21.632172,2.006500
21.632138,2.006500
21.632103,2.006500
21.632068,2.006500
21.635670,2.006500
21.642907,2.006500
21.650144,2.006500
21.657380,2.006500
21.660980,2.006500
21.660946,2.006500
21.660911,2.006500
21.660876,2.006500
21.660842,2.006500
21.660807,2.006500
21.664406,2.006500
21.668006,2.006500
21.667971,2.006500
21.667937,2.006500
21.667902,2.006500
21.667867,2.006500
21.667832,2.006500
21.667798,2.006500
21.671397,2.006500
21.674996,2.006500
21.678595,2.006500
21.682194,2.006500
21.682159,2.006500
21.682124,2.006500
21.682089,2.006500
21.685687,2.006500
21.689286,2.006500
21.689251,2.006500
21.692849,2.006500
21.700079,2.006500
21.707308,2.006625
21.710905,2.006750
21.710870,2.006750
21.714466,2.006875
21.721692,2.007000
21.728917,2.007000
21.732512,2.007000
21.736106,2.007000
21.743328,2.007000
21.746922,2.007000
21.746887,2.007000
21.746852,2.007000
21.750446,2.007000
21.754039,2.007000
21.754004,2.007000
21.753969,2.007000
21.753934,2.007000
21.753899,2.007000
21.753864,2.007000
21.753829,2.007000
21.757421,2.007000
21.764642,2.007000
21.768234,2.007000
21.771826,2.007000
21.775418,2.007000
21.775382,2.007000
21.775347,2.007000
21.775312,2.007000
21.775277,2.006875
21.778869,2.006750
21.786087,2.006750
21.789679,2.006750
21.789644,2.006750
21.789609,2.006750
21.789574,2.006750
21.789538,2.006750
21.793129,2.006750
21.796720,2.006750
21.800310,2.006750
21.807526,2.006750
21.811116,2.006750
21.814706,2.006750
21.821919,2.006750
21.825508,2.006750
21.829097,2.006750
21.832685,2.006750
21.836273,2.006875
21.839861,2.007000
21.843448,2.007000
21.847035,2.007000
21.847000,2.007000
21.846965,2.007000
21.850551,2.007000
21.857759,2.007000
21.857759,2.007000
21.861311,2.007000
21.861275,2.007000
21.861240,2.007000
21.864826,2.007000
21.868411,2.007000
21.871996,2.007000
21.871996,2.007000
21.882787,2.007000
21.882752,2.007000
21.882716,2.006875
21.886301,2.006750
21.889886,2.006750
21.889850,2.006750
21.889815,2.006750
21.893399,2.006750
21.896983,2.006750
21.896948,2.006750
21.896913,2.006750
21.896877,2.006750
21.896842,2.006750
21.896806,2.006750
21.896771,2.006750
21.900355,2.006750
21.903939,2.006750
21.903903,2.006750
21.903868,2.006625
21.903832,2.006500
21.903797,2.006500
21.907381,2.006500
21.910964,2.006500
21.910929,2.006375
21.914513,2.006250
21.918096,2.006250
21.921680,2.006250
21.928882,2.006250
21.932465,2.006250
21.932429,2.006250
21.936012,2.006250
21.943212,2.006250
21.946794,2.006250
21.946758,2.006250
21.946723,2.006250
21.946687,2.006250
21.950268,2.006250
21.953850,2.006250
21.953814,2.006250
21.953779,2.006250
21.953743,2.006250
21.953708,2.006250
21.953672,2.006250
21.953636,2.006250
21.953601,2.006250
21.953565,2.006250
21.953530,2.006250
21.953494,2.006250
21.953458,2.006250
21.953423,2.006250
21.953387,2.006250
21.956968,2.006250
21.960549,2.006250
21.960514,2.006250
21.964094,2.006250
21.971291,2.006250
21.978486,2.006250
21.985681,2.006250
21.989261,2.006250
21.992839,2.006250
21.996418,2.006250
21.996382,2.006250
21.996346,2.006250
21.996311,2.006250
21.996275,2.006250
21.996239,2.006250
21.999817,2.006250
22.007009,2.006250
22.010587,2.006250
22.010552,2.006250
22.010516,2.006250
22.010480,2.006250
22.010444,2.006250
22.010409,2.006250
22.010373,2.006250
22.013950,2.006250
22.017527,2.006250
22.017492,2.006250
22.021068,2.006250
22.028257,2.006375
22.031834,2.006500
22.031798,2.006500
22.035373,2.006500
22.038949,2.006500
22.038913,2.006500
22.038877,2.006500
22.038841,2.006500
22.042416,2.006500
22.045991,2.006500
22.049566,2.006500
22.053140,2.006500
22.053104,2.006500
22.053068,2.006500
22.053033,2.006500
22.052997,2.006500
22.056571,2.006500
22.063755,2.006500
22.067328,2.006500
22.067292,2.006500
22.070866,2.006500
22.070866,2.006500
22.085228,2.006750
22.092407,2.006750
22.099586,2.006750
22.103157,2.006750
22.106727,2.006750
22.110298,2.006750
22.110262,2.006750
22.113831,2.006750
22.117401,2.006750
22.117365,2.006750
22.120935,2.006750
22.124504,2.006750
22.128073,2.006750
22.131642,2.006750
22.135211,2.006750
22.142383,2.006750
22.149556,2.006750
22.156727,2.006750
22.163897,2.006750
22.171067,2.006750
22.174633,2.006750
22.178199,2.006750
22.185366,2.006750
22.188931,2.006750
22.192496,2.006750
22.196061,2.006750
22.196025,2.006750
22.195988,2.006750
22.195952,2.006750
22.195916,2.006750
22.199480,2.006750
22.206645,2.006750
22.210209,2.006750
22.213772,2.006750
22.220935,2.006750
22.228097,2.006750
22.235258,2.006875
22.242418,2.007000
22.249576,2.007000
22.256734,2.007000
22.263891,2.007000
22.271046,2.007000
22.274606,2.007000
22.274569,2.007000
22.274533,2.007000
22.274496,2.007000
22.278055,2.007000
22.281614,2.007000
22.281577,2.007000
22.285135,2.007000
22.292288,2.007000
22.295846,2.007000
22.299403,2.007000
22.302961,2.006875
22.302924,2.006750
22.302888,2.006750
22.306445,2.006750
22.313596,2.006750
22.317153,2.006750
22.317116,2.006750
22.317080,2.006750
22.317043,2.006750
22.317006,2.006750
22.320563,2.006750
22.324119,2.006750
22.327675,2.006750
22.331231,2.006750
22.334786,2.006750
22.338342,2.006750
22.338305,2.006750
22.338268,2.006750
22.338232,2.006750
22.338195,2.006750
22.338158,2.006750
22.338121,2.006750
22.338085,2.006750
22.338048,2.006750
22.341603,2.006750
22.345158,2.006750
22.345121,2.006750
22.345084,2.006750
22.345048,2.006750
22.348602,2.006750
22.355748,2.006750
22.359302,2.006750
22.362856,2.006750
22.366409,2.006750
22.369963,2.006750
22.373516,2.006750
22.377068,2.006750
22.380621,2.006750
22.380584,2.006750
22.380547,2.006750
22.384100,2.006750
22.387652,2.006750
22.391204,2.006750
22.398344,2.006750
22.401895,2.006750
22.401858,2.006750
22.401822,2.006750
22.401785,2.006750
22.401748,2.006750
22.401711,2.006750
22.401674,2.006750
22.405225,2.006750
22.412363,2.006750
22.415914,2.006750
22.419464,2.006750
22.423014,2.006750
22.422977,2.006750
22.422940,2.006750
22.426489,2.006875
22.430038,2.007000
22.433587,2.007000
22.440721,2.007000
22.444269,2.007000
22.444232,2.007000
22.444195,2.007000
22.444158,2.007000
22.444121,2.007000
22.447668,2.007000
22.451216,2.007000
22.451179,2.007000
22.451142,2.007000
22.454689,2.007000
22.461820,2.007000
22.465367,2.007000
22.465330,2.007000
22.468876,2.007000
22.472423,2.007000
22.472386,2.007000
22.475931,2.007000
22.479477,2.007000
22.479440,2.007000
22.479403,2.007000
22.479366,2.006875
22.482911,2.006750
22.486457,2.006750
22.486420,2.006750
22.486383,2.006750
22.486346,2.006750
22.486309,2.006750
22.486271,2.006750
22.486234,2.006750
22.486197,2.006750
22.486160,2.006750
22.486123,2.006750
22.486085,2.006750
22.486048,2.006750
22.486011,2.006750
22.485974,2.006750
22.489519,2.006750
22.496647,2.006750
22.500192,2.006750
22.503737,2.006750
22.507281,2.006750
22.507244,2.006750
22.507206,2.006750
22.510750,2.006750
22.517875,2.006750
22.521419,2.006750
22.524962,2.006750
22.528505,2.006750
22.528468,2.006750
22.532011,2.006750
22.535553,2.006750
22.539095,2.006750
22.542637,2.006750
22.542600,2.006750
22.546142,2.006750
22.549683,2.006750
22.549646,2.006750
22.549609,2.006750
22.549571,2.006750
22.549534,2.006750
22.549496,2.006750
22.549459,2.006750
22.549422,2.006750
22.549384,2.006750
22.549347,2.006750
22.549310,2.006750
22.549272,2.006750
22.549235,2.006750
22.549198,2.006750
22.549160,2.006750
22.552701,2.006750
22.559821,2.006875
22.563362,2.007000
22.566901,2.007125
22.570441,2.007250
22.570403,2.007250
22.573942,2.007250
22.581058,2.007250
22.588172,2.007250
22.595286,2.007250
22.598823,2.007250
22.598786,2.007250
22.598748,2.007250
22.602285,2.007250
22.609397,2.007250
22.616508,2.007250
22.620044,2.007250
22.620007,2.007250
22.623542,2.007250
22.630651,2.007250
22.637759,2.007250
22.644867,2.007250
22.648401,2.007250
22.648363,2.007250
22.651897,2.007375
22.659002,2.007500
22.666105,2.007500
22.669638,2.007500
22.669600,2.007500
22.669563,2.007375
22.669525,2.007250
22.669487,2.007250
22.673020,2.007250
22.680122,2.007250
22.687224,2.007250
22.694325,2.007250
22.701425,2.007250
22.708524,2.007250
22.712054,2.007250
22.712016,2.007250
22.715546,2.007250
22.719076,2.007250
22.719038,2.007250
22.722567,2.007250
22.729664,2.007250
22.733193,2.007250
22.736721,2.007250
22.740249,2.007250
22.743777,2.007250
22.747305,2.007250
22.750832,2.007250
22.754360,2.007250
22.754322,2.007250
22.754284,2.007250
22.757811,2.007250
22.761338,2.007250
22.764864,2.007250
22.771955,2.007250
22.775481,2.007125
22.775443,2.007000
22.775405,2.007000
22.775367,2.007000
22.775329,2.007000
22.775291,2.007000
22.775253,2.007000
22.775215,2.007000
22.775177,2.007000
22.775139,2.007000
22.778665,2.007000
22.782191,2.007000
22.785717,2.007000
22.789242,2.007000
22.792767,2.007000
22.796293,2.007000
22.799817,2.007000
22.803342,2.007000
22.806866,2.007000
22.813952,2.007000
22.821038,2.007000
22.828123,2.007000
22.831646,2.007000
22.831608,2.007000
22.831569,2.007000
22.835092,2.007000
22.838614,2.007000
22.842136,2.007000
22.845658,2.007000
22.845620,2.007000
22.845582,2.007000
22.845543,2.007000
22.845505,2.007000
22.845467,2.007000
22.845429,2.007000
22.848950,2.007000
22.852471,2.007000
22.855992,2.007000
22.863072,2.007000
22.866593,2.007000
22.870113,2.007000
22.877192,2.007000
22.884269,2.007000
22.891346,2.007000
22.898422,2.007000
22.901940,2.007000
22.901902,2.007000
22.905419,2.007000
22.908937,2.007000
22.908899,2.007000
22.912416,2.007125
22.915933,2.007250
22.919449,2.007250
22.926520,2.007250
22.933591,2.007250
22.937106,2.007250
22.937068,2.007250
22.937029,2.007250
22.936991,2.007250
22.936952,2.007250
22.940467,2.007250
22.943983,2.007250
22.943944,2.007250
22.947459,2.007250
22.950973,2.007250
22.954487,2.007250
22.958001,2.007250
22.961515,2.007250
22.965029,2.007250
22.964990,2.007250
22.968503,2.007250
22.972017,2.007250
22.971978,2.007250
22.975491,2.007250
22.979004,2.007250
22.978965,2.007250
22.982477,2.007250
22.989540,2.007250
22.993052,2.007250
22.993014,2.007250
22.992975,2.007250
22.996486,2.007250
22.999998,2.007250
22.999959,2.007250
22.999920,2.007250
22.999882,2.007250
22.999843,2.007250
23.003354,2.007250
23.006865,2.007250
23.010375,2.007250
23.013886,2.007250
23.017396,2.007250
23.020906,2.007250
23.024415,2.007250
23.027925,2.007250
23.031434,2.007250
23.034943,2.007250
23.038452,2.007250
23.045508,2.007375
23.049016,2.007500
23.048977,2.007500
23.052484,2.007500
23.055992,2.007500
23.055953,2.007500
23.055914,2.007500
23.055875,2.007500
23.055836,2.007500
23.055797,2.007500
23.055758,2.007500
23.055720,2.007500
23.055681,2.007500
23.055642,2.007500
23.055603,2.007500
23.055564,2.007500
23.055525,2.007500
23.059032,2.007500
23.062539,2.007500
23.066045,2.007500
23.073097,2.007500
23.076603,2.007500
23.080109,2.007500
23.083614,2.007500
23.087119,2.007500
23.090624,2.007500
23.090585,2.007500
23.090546,2.007500
23.094051,2.007500
23.097555,2.007500
23.101060,2.007500
23.104564,2.007500
23.108067,2.007500
23.115113,2.007500
23.118617,2.007500
23.118578,2.007500
23.118539,2.007500
23.118500,2.007500
23.118461,2.007500
23.118422,2.007500
23.118383,2.007500
23.118344,2.007500
23.118305,2.007500
23.121807,2.007500
23.125310,2.007500
23.125271,2.007500
23.125232,2.007500
23.125193,2.007500
23.125154,2.007500
23.125115,2.007500
23.125076,2.007500
23.125037,2.007500
23.124998,2.007500
23.128500,2.007500
23.135543,2.007500
23.139046,2.007500
23.142547,2.007500
23.146048,2.007500
23.149549,2.007500
23.153050,2.007500
23.153011,2.007500
23.156512,2.007500
23.163552,2.007500
23.167052,2.007500
23.167013,2.007500
23.170512,2.007500
23.177551,2.007500
23.181050,2.007500
23.181011,2.007500
23.180971,2.007500
23.180932,2.007500
23.180893,2.007500
23.180854,2.007500
23.180815,2.007500
23.180775,2.007500
23.180736,2.007500
23.180697,2.007500
23.180658,2.007500
23.180618,2.007500
23.180579,2.007500
23.184078,2.007500
23.187577,2.007500
23.187537,2.007500
23.187498,2.007500
23.190996,2.007500
23.194495,2.007500
23.194455,2.007500
23.194416,2.007500
23.194377,2.007500
23.194337,2.007500
23.197835,2.007500
23.201333,2.007500
23.201294,2.007500
23.204791,2.007500
23.208289,2.007500
23.211785,2.007500
23.218818,2.007500
23.222315,2.007500
23.222276,2.007500
23.225772,2.007500
23.232803,2.007500
23.236299,2.007500
23.239794,2.007500
23.243289,2.007500
23.243249,2.007500
23.243210,2.007500
23.243170,2.007500
23.243131,2.007500
23.243092,2.007500
23.243052,2.007500
23.243013,2.007500
23.242973,2.007500
23.246468,2.007500
23.249963,2.007500
23.249923,2.007500
23.253417,2.007500
23.260445,2.007500
23.267472,2.007500
23.270965,2.007500
23.274458,2.007500
23.281483,2.007500
23.284976,2.007500
23.284936,2.007500
23.288428,2.007500
23.291920,2.007500
23.291880,2.007500
23.291841,2.007500
23.291801,2.007500
23.295293,2.007500
23.302315,2.007500
23.305806,2.007500
23.305767,2.007500
23.305727,2.007500
23.309218,2.007500
23.316238,2.007500
23.319728,2.007500
23.323218,2.007500
23.326708,2.007500
23.330197,2.007500
23.337215,2.007500
23.340704,2.007500
23.340664,2.007500
23.340624,2.007500
23.340585,2.007500
23.340545,2.007500
23.344033,2.007625
23.351048,2.007750
23.354536,2.007750
23.354496,2.007750
23.354456,2.007750
23.354417,2.007750
23.354377,2.007750
23.354337,2.007750
23.354297,2.007750
23.354258,2.007750
23.354218,2.007625
23.354178,2.007500
23.354138,2.007500
23.357626,2.007500
23.361113,2.007500
23.361073,2.007500
23.364560,2.007500
23.371574,2.007625
23.378586,2.007750
23.385597,2.007750
23.389082,2.007750
23.392567,2.007875
23.399575,2.008125
23.403058,2.008250
23.403019,2.008250
23.402979,2.008250
23.406462,2.008250
23.413467,2.008250
23.416950,2.008250
23.420432,2.008250
23.423914,2.008250
23.423874,2.008250
23.423834,2.008250
23.423794,2.008250
23.423754,2.008250
23.427235,2.008250
23.430717,2.008250
23.430677,2.008250
23.434158,2.008250
23.441160,2.008250
23.448161,2.008250
23.451642,2.008250
23.455122,2.008250
23.458601,2.008250
23.458561,2.008250
23.458521,2.008250
23.462000,2.008250
23.468999,2.008250
23.472478,2.008250
23.472438,2.008250
23.472398,2.008250
23.472358,2.008250
23.472318,2.008250
23.472277,2.008250
23.472237,2.008250
23.472197,2.008250
23.472157,2.008250
23.472117,2.008250
23.475595,2.008375
23.479073,2.008500
23.482551,2.008500
23.486028,2.008500
23.489506,2.008500
23.496500,2.008500
23.499976,2.008500
23.499936,2.008500
23.499896,2.008500
23.499856,2.008500
23.503332,2.008625
23.510323,2.008750
23.513799,2.008750
23.513759,2.008750
23.513719,2.008750
23.513678,2.008750
23.517153,2.008750
23.520628,2.008750
23.524102,2.008750
23.527577,2.008750
23.527536,2.008750
23.531010,2.008750
23.534484,2.008750
23.534444,2.008750
23.537918,2.008750
23.544904,2.008750
23.548378,2.008750
23.548337,2.008625
23.548297,2.008500
23.548257,2.008500
23.551730,2.008500
23.555203,2.008500
23.558675,2.008500
23.562148,2.008500
23.562108,2.008500
23.565580,2.008500
23.569052,2.008500
23.569011,2.008500
23.572483,2.008500
23.575955,2.008500
23.575914,2.008500
23.579385,2.008500
23.582857,2.008500
23.582816,2.008500
23.586287,2.008500
23.589758,2.008500
23.589717,2.008500
23.593188,2.008500
23.600168,2.008500
23.607149,2.008500
23.610618,2.008500
23.610578,2.008500
23.614047,2.008500
23.617515,2.008500
23.620984,2.008500
23.624452,2.008500
23.627920,2.008500
23.631389,2.008500
23.631348,2.008500
23.631307,2.008500
23.631267,2.008500
23.631226,2.008500
23.631186,2.008500
23.634653,2.008500
23.638121,2.008500
23.638080,2.008375
23.641548,2.008250
23.645015,2.008250
23.644975,2.008250
23.648442,2.008250
23.651909,2.008250
23.651869,2.008250
23.651828,2.008250
23.651787,2.008250
23.655254,2.008250
23.658721,2.008250
23.662187,2.008250
23.669160,2.008250
23.672626,2.008250
23.672585,2.008250
23.672544,2.008250
23.672504,2.008250
23.672463,2.008250
23.672422,2.008250
23.672382,2.008250
23.672341,2.008250
23.672300,2.008250
23.672260,2.008250
23.672219,2.008250
23.672178,2.008250
23.675644,2.008250
23.682615,2.008250
23.689585,2.008250
23.696555,2.008250
23.703524,2.008250
23.710491,2.008250
23.713955,2.008250
23.717417,2.008250
23.724383,2.008250
23.727846,2.008250
23.731307,2.008250
23.738271,2.008250
23.745235,2.008250
23.752197,2.008250
23.755658,2.008250
23.755617,2.008250
23.759077,2.008250
23.762537,2.008250
23.765996,2.008250
23.772956,2.008250
23.776415,2.008250
23.776374,2.008250
23.776333,2.008250
23.779792,2.008250
23.783250,2.008250
23.783209,2.008250
23.786667,2.008250
23.793624,2.008250
23.800581,2.008250
23.804038,2.008250
23.803997,2.008250
23.807454,2.008250
23.810910,2.008250
23.814367,2.008250
23.821320,2.008250
23.824776,2.008250
23.828232,2.008250
23.835183,2.008250
23.838638,2.008250
23.838597,2.008250
23.838556,2.008250
23.838515,2.008250
23.841969,2.008250
23.848919,2.008250
23.852374,2.008250
23.855827,2.008250
23.862775,2.008250
23.866229,2.008250
23.869681,2.008375
23.873134,2.008500
23.873093,2.008500
23.873051,2.008500
23.876503,2.008500
23.879955,2.008500
23.883406,2.008500
23.886858,2.008500
23.890308,2.008625
23.893759,2.008750
23.897209,2.008750
23.900659,2.008750
23.900618,2.008750
23.904067,2.008875
23.907517,2.009000
23.907475,2.009000
23.907434,2.009000
23.910882,2.009000
23.914331,2.009000
23.917779,2.009000
23.921228,2.009000
23.924676,2.009000
23.928123,2.009000
23.928082,2.009000
23.928041,2.009000
23.931488,2.009000
23.938424,2.009000
23.941871,2.009000
23.941830,2.009000
23.941788,2.009000
23.945235,2.009000
23.952169,2.009000
23.955615,2.009000
23.955573,2.009000
23.955532,2.009000
23.958978,2.009000
23.962423,2.009000
23.965868,2.009000
23.969313,2.009000
23.972758,2.009000
23.979689,2.009000
23.986619,2.009000
23.990063,2.009000
23.993506,2.009000
23.996949,2.009000
24.000392,2.009000
24.007320,2.009000
24.010762,2.009000
24.010721,2.009000
24.010679,2.009000
24.010637,2.009000
24.010595,2.009000
24.010554,2.009000
24.013996,2.009000
24.020921,2.009000
24.024363,2.009000
24.027804,2.009000
24.031245,2.009000
24.034686,2.009125
24.038126,2.009250
24.038084,2.009250
24.038043,2.009250
24.038001,2.009250
24.037959,2.009250
24.041399,2.009250
24.044839,2.009250
24.044797,2.009250
24.044755,2.009250
24.048194,2.009250
24.055115,2.009250
24.062034,2.009250
24.068953,2.009250
24.075871,2.009250
24.079308,2.009250
24.079267,2.009250
24.079225,2.009250
24.079183,2.009250
24.079141,2.009250
24.079099,2.009250
24.082536,2.009250
24.085973,2.009250
24.085931,2.009250
24.085890,2.009250
24.089326,2.009250
24.096241,2.009250
24.103155,2.009250
24.110069,2.009250
24.116981,2.009250
24.123893,2.009250
24.130804,2.009250
24.134238,2.009250
24.134196,2.009250
24.134154,2.009250
24.137588,2.009250
24.141021,2.009250
24.140979,2.009250
24.140937,2.009250
24.140895,2.009250
24.140853,2.009250
24.140811,2.009250
24.140769,2.009250
24.140727,2.009250
24.140685,2.009250
24.140643,2.009250
24.140601,2.009250
24.144034,2.009250
24.147467,2.009250
24.150899,2.009250
24.154332,2.009250
24.154290,2.009250
24.157722,2.009250
24.164628,2.009375
24.168060,2.009500
24.171491,2.009500
24.174922,2.009500
24.174880,2.009500
24.174837,2.009500
24.174795,2.009500
24.174753,2.009500
24.174711,2.009500
24.174669,2.009500
24.178099,2.009500
24.181530,2.009500
24.181487,2.009500
24.181445,2.009500
24.184875,2.009500
24.188305,2.009500
24.191735,2.009500
24.195164,2.009500
24.195122,2.009500
24.195080,2.009500
24.198509,2.009500
24.205409,2.009500
24.208838,2.009500
24.208796,2.009500
24.208754,2.009500
24.212182,2.009500
24.215610,2.009500
24.215568,2.009500
24.215526,2.009500
24.218953,2.009500
24.222381,2.009500
24.225808,2.009500
24.229236,2.009500
24.229194,2.009500
24.229151,2.009500
24.229109,2.009500
24.229067,2.009500
24.232493,2.009500
24.235920,2.009500
24.235878,2.009500
24.239304,2.009500
24.246200,2.009500
24.253094,2.009500
24.256520,2.009500
24.259945,2.009500
24.266837,2.009500
24.270262,2.009500
24.273686,2.009625
24.277110,2.009750
24.277068,2.009750
24.277025,2.009750
24.276983,2.009750
24.276940,2.009750
24.276898,2.009750
24.276855,2.009750
24.276813,2.009750
24.276770,2.009750
24.276728,2.009750
24.276686,2.009750
24.276643,2.009750
24.280066,2.009750
24.283490,2.009750
24.283447,2.009750
24.283405,2.009750
24.283362,2.009750
24.283320,2.009750
24.283278,2.009750
24.286700,2.009750
24.290123,2.009750
24.293546,2.009750
24.300433,2.009750
24.303855,2.009750
24.303813,2.009750
24.303770,2.009750
24.303728,2.009750
24.307149,2.009750
24.310571,2.009750
24.313992,2.009750
24.320877,2.009750
24.324298,2.009625
24.324255,2.009500
24.324213,2.009500
24.327633,2.009500
24.331054,2.009500
24.334474,2.009500
24.341357,2.009625
24.348238,2.009750
24.351658,2.009750
24.351615,2.009750
24.355033,2.009750
24.361913,2.009750
24.365331,2.009750
24.365288,2.009750
24.365246,2.009750
24.368663,2.009750
24.375541,2.009750
24.378958,2.009750
24.378916,2.009750
24.378873,2.009750
24.382290,2.009750
24.385706,2.009750
24.385663,2.009750
24.385621,2.009750
24.389037,2.009750
24.395912,2.009750
24.399328,2.009750
24.402743,2.009750
24.409617,2.009750
24.416489,2.009750
24.419904,2.009750
24.423318,2.009750
24.426732,2.009750
24.426689,2.009750
24.426646,2.009750
24.426604,2.009750
24.426561,2.009750
24.426518,2.009750
24.426475,2.009750
24.426432,2.009750
24.426389,2.009750
24.429803,2.009750
24.436672,2.009875
24.440086,2.010000
24.443498,2.010000
24.446910,2.010000
24.450322,2.010000
24.457188,2.010000
24.464054,2.010000
24.470919,2.010000
24.474330,2.010000
24.474287,2.010000
24.477697,2.010000
24.481107,2.010000
24.484517,2.010000
24.487926,2.010000
24.487883,2.010000
24.487840,2.010000
24.491249,2.010000
24.494658,2.010000
24.498067,2.010000
24.504927,2.010000
24.508336,2.010000
24.508293,2.010000
24.508250,2.010000
24.511658,2.010000
24.515065,2.010000
24.515022,2.010000
24.514979,2.010000
24.514936,2.010000
24.514893,2.010000
24.514850,2.010000
24.514806,2.010000
24.518214,2.010000
24.521621,2.010000
24.525028,2.010000
24.531885,2.010000
24.538741,2.010000
24.545597,2.010000
24.549003,2.010000
24.548959,2.010000
24.548916,2.010000
24.548873,2.010000
24.548830,2.010000
24.548786,2.010000
24.552192,2.010000
24.559045,2.010000
24.562450,2.010000
24.562407,2.010000
24.562364,2.010000
24.562320,2.010000
24.562277,2.009875
24.562234,2.009750
24.562190,2.009750
24.565595,2.009750
24.569000,2.009750
24.568957,2.009750
24.568913,2.009750
24.568870,2.009750
24.572274,2.009750
24.575679,2.009750
24.575635,2.009750
24.575592,2.009750
24.578996,2.009750
24.582400,2.009750
24.585803,2.009750
24.592653,2.009750
24.599503,2.009750
24.602905,2.009750
24.606307,2.009750
24.609710,2.009750
24.613111,2.009750
24.619958,2.009750
24.623359,2.009750
24.623316,2.009750
24.623272,2.009750
24.623229,2.009750
24.623185,2.009750
24.623142,2.009750
24.626543,2.009750
24.633387,2.009750
24.636788,2.009750
24.636744,2.009750
24.640144,2.009750
24.646987,2.009750
24.653830,2.009750
24.660671,2.009750
24.664070,2.009750
24.664027,2.009750
24.663983,2.009750
24.663939,2.009750
24.663896,2.009750
24.663852,2.009750
24.667250,2.009875
24.674089,2.010000
24.680927,2.010000
24.684324,2.010000
24.687721,2.010000
24.691117,2.010000
24.694513,2.010000
24.697909,2.010000
24.701305,2.010000
24.704700,2.010000
24.704656,2.010000
24.704613,2.010000
24.704569,2.010000
24.704525,2.010000
24.704481,2.010000
24.704438,2.010000
24.704394,2.010000
24.704350,2.010000
24.704307,2.010000
24.704263,2.010000
24.704219,2.010000
24.704175,2.010000
24.704132,2.010000
24.704088,2.010000
24.707483,2.010000
24.710878,2.010000
24.714273,2.010000
24.717667,2.010000
24.721062,2.010000
24.724456,2.010000
24.724412,2.010000
24.727806,2.010000
24.734637,2.010000
24.738031,2.010000
24.741423,2.010000
24.744816,2.010000
24.744772,2.010000
24.744729,2.010000
24.748121,2.010000
24.751513,2.010000
24.754906,2.010000
24.758297,2.010000
24.758254,2.010000
24.758210,2.010000
24.761601,2.010000
24.768428,2.010000
24.771819,2.010000
24.771776,2.010000
24.775166,2.010000
24.781991,2.010000
24.788816,2.010000
24.795639,2.010000
24.802462,2.010000
24.809284,2.010000
24.816105,2.010000
24.822925,2.010000
24.826312,2.010000
24.829700,2.010000
24.836518,2.010000
24.839905,2.010000
24.839860,2.010000
24.839816,2.010000
24.843203,2.010000
24.850019,2.010000
24.853405,2.010000
24.856790,2.010000
24.860176,2.010000
24.863561,2.010000
24.866946,2.010000
24.870330,2.010125
24.873714,2.010250
24.877098,2.010250
24.880481,2.010250
24.883864,2.010250
24.887248,2.010250
24.887203,2.010250
24.887159,2.010250
24.887115,2.010250
24.887071,2.010250
24.890453,2.010250
24.893836,2.010250
24.893792,2.010250
24.893748,2.010250
24.893703,2.010250
24.893659,2.010250
24.893615,2.010250
24.893571,2.010250
24.893526,2.010250
24.893482,2.010250
24.893438,2.010250
24.893393,2.010250
24.893349,2.010250
24.893305,2.010250
24.893261,2.010250
24.893216,2.010250
24.896599,2.010375
24.899981,2.010500
24.903362,2.010500
24.906744,2.010500
24.906699,2.010500
24.906655,2.010500
24.906611,2.010500
24.909992,2.010500
24.913373,2.010500
24.913328,2.010500
24.913284,2.010500
24.913240,2.010500
24.916620,2.010500
24.920001,2.010500
24.919957,2.010500
24.919912,2.010500
24.919868,2.010500
24.923248,2.010500
24.926628,2.010500
24.926584,2.010500
24.929964,2.010500
24.933344,2.010500
24.933299,2.010500
24.933255,2.010500
24.933210,2.010500
24.933166,2.010500
24.933122,2.010500
24.936501,2.010500
24.939880,2.010500
24.939836,2.010500
24.939792,2.010500
24.943170,2.010500
24.949972,2.010500
24.956774,2.010500
24.960152,2.010500
24.960107,2.010500
24.960063,2.010500
24.960019,2.010500
24.959974,2.010500
24.959930,2.010500
24.963307,2.010500
24.966685,2.010500
24.970062,2.010500
24.976860,2.010500
24.983658,2.010500
24.987035,2.010500
24.990411,2.010500
24.993786,2.010500
24.997162,2.010500
25.000537,2.010500
25.000493,2.010500
25.003868,2.010500
25.010662,2.010500
25.017455,2.010500
25.020830,2.010500
25.020785,2.010500
25.020740,2.010500
25.020696,2.010500
25.020651,2.010500
25.020606,2.010500
25.023980,2.010500
25.027354,2.010500
25.030727,2.010500
25.034100,2.010500
25.037473,2.010500
25.040846,2.010500
25.044218,2.010500
25.047590,2.010500
25.047545,2.010500
25.047501,2.010375
25.047456,2.010250
25.047411,2.010250
25.047367,2.010250
25.047322,2.010250
25.047277,2.010250
25.047232,2.010125
25.047188,2.010000
25.047143,2.010000
25.047098,2.010000
25.050471,2.010000
25.053844,2.010000
25.053799,2.010000
25.057171,2.010000
25.060543,2.010000
25.060499,2.010000
25.060454,2.010000
25.060409,2.010000
25.060364,2.010000
25.060320,2.009875
25.063692,2.009750
25.067064,2.009750
25.070436,2.009750
25.073808,2.009750
25.077179,2.009750
25.080551,2.009750
25.080506,2.009750
25.083877,2.009750
25.087248,2.009750
25.087203,2.009750
25.087158,2.009750
25.087113,2.009750
25.087068,2.009750
25.087024,2.009750
25.090394,2.009750
25.093765,2.009750
25.093720,2.009750
25.093675,2.009750
25.097045,2.009750
25.100415,2.009750
25.100370,2.009750
25.100325,2.009750
25.100281,2.009750
25.100236,2.009750
25.100191,2.009750
25.100146,2.009750
25.100101,2.009750
25.100056,2.009750
25.103426,2.009750
25.110210,2.009750
25.116993,2.009750
25.123776,2.009750
25.127145,2.009750
25.127100,2.009750
25.127055,2.009750
25.130423,2.009750
25.137203,2.009750
25.140571,2.009750
25.140526,2.009750
25.143893,2.009750
25.147260,2.009750
25.150627,2.009750
25.153993,2.009750
25.153948,2.009750
25.153903,2.009750
25.157269,2.009750
25.160636,2.009750
25.164001,2.009750
25.167367,2.009750
25.167322,2.009750
25.170687,2.009875
25.174052,2.010000
25.174007,2.010000
25.173962,2.010000
25.173917,2.010000
25.173872,2.010000
25.173827,2.010000
25.173782,2.010000
25.173736,2.010000
25.173691,2.010000
25.173646,2.010000
25.173601,2.010000
25.176966,2.010000
25.180330,2.010000
25.180285,2.010000
25.180240,2.010000
25.180195,2.010000
25.180150,2.010000
25.180104,2.010000
25.183469,2.010000
25.190242,2.010000
25.193605,2.010000
25.193560,2.010000
25.193515,2.010000
25.193470,2.010000
25.196833,2.010000
25.203605,2.010000
25.210375,2.010000
25.213738,2.010000
25.213693,2.010000
25.213647,2.010000
25.213602,2.010000
25.213557,2.010000
25.216919,2.010000
25.220281,2.010000
25.220235,2.010000
25.220190,2.010000
25.220145,2.010000
25.220100,2.010000
25.220054,2.010000
25.220009,2.010000
25.219964,2.010000
25.219919,2.010000
25.223280,2.010000
25.226642,2.010000
25.226596,2.010000
25.229957,2.010000
25.236725,2.010000
25.243491,2.010000
25.250257,2.010000
25.257021,2.010000
25.260381,2.010000
25.260336,2.010000
25.260290,2.010000
25.260245,2.010000
25.260199,2.010000
25.260154,2.010000
25.263513,2.010000
25.266872,2.010000
25.266826,2.010000
25.266781,2.010000
25.270139,2.010000
25.273498,2.010000
25.273452,2.010000
25.276810,2.010000
25.280168,2.010000
25.280123,2.010000
25.283481,2.010000
25.290241,2.010000
25.297001,2.010000
25.300357,2.010000
25.303714,2.010000
25.307070,2.010000
25.310426,2.010000
25.313782,2.010000
25.313736,2.010000
25.313691,2.010000
25.313645,2.010000
25.313599,2.010000
25.316955,2.010000
25.320310,2.010000
25.323665,2.010000
25.327020,2.010000
25.330375,2.010000
25.333729,2.010000
25.337083,2.010000
25.340437,2.010000
25.340392,2.010000
25.340346,2.010000
25.340300,2.010000
25.340255,2.010000
25.340209,2.010000
25.340164,2.010000
25.340118,2.010000
25.343472,2.010000
25.346825,2.010000
25.350178,2.010000
25.353532,2.010000
25.353486,2.010000
25.353440,2.010000
25.353395,2.010000
25.353349,2.010000
25.353303,2.010000
25.353258,2.010000
25.353212,2.010000
25.353167,2.010000
25.353121,2.010000
25.356474,2.010000
25.359827,2.010000
25.363179,2.010000
25.369929,2.010000
25.376679,2.010000
25.380030,2.010000
25.383381,2.010000
25.390129,2.010000
25.396876,2.010000
25.403622,2.010000
25.406972,2.010000
25.406926,2.010000
25.406880,2.010000
25.410230,2.010000
25.416974,2.010000
25.420323,2.010000
25.420277,2.010000
25.423625,2.010000
25.426974,2.010000
25.430322,2.010000
25.437063,2.010000
25.440411,2.010000
25.440365,2.010000
25.440319,2.010000
25.440273,2.010000
25.440228,2.010000
25.440182,2.010000
25.440136,2.010000
25.440090,2.010000
25.440044,2.010000
25.443391,2.010000
25.450131,2.010000
25.453478,2.010000
25.456824,2.010000
25.460170,2.010000
25.463516,2.010000
25.466862,2.010000
25.466816,2.010000
25.466770,2.010000
25.466724,2.010000
25.466678,2.010000
25.470024,2.010000
25.473369,2.010000
25.476714,2.010000
25.480059,2.010000
25.480013,2.010000
25.479967,2.010000
25.479921,2.010000
25.479875,2.010000
25.479829,2.010000
25.479783,2.010000
25.483127,2.010000
25.486472,2.010000
25.489816,2.010000
25.493160,2.010000
25.493114,2.010000
25.493068,2.010000
25.493022,2.010000
25.496366,2.010000
25.499709,2.010000
25.499663,2.010000
25.499617,2.010000
25.499571,2.010000
25.502914,2.010000
25.506258,2.010000
25.506212,2.010000
25.506165,2.010000
25.506119,2.010000
25.509462,2.010000
25.516194,2.010000
25.519536,2.010000
25.519490,2.010000
25.519444,2.010000
25.519398,2.010000
25.522740,2.010000
25.529470,2.010000
25.532811,2.010000
25.532765,2.010000
25.532719,2.010000
25.532673,2.010000
25.532627,2.010000
25.532581,2.010000
25.532534,2.010000
25.532488,2.010000
25.532442,2.010000
25.532396,2.010000
25.532350,2.010000
25.535691,2.010000
25.539032,2.010000
25.538986,2.010000
25.538940,2.010000
25.538893,2.010000
25.538847,2.010000
25.542188,2.010000
25.548915,2.010000
25.555642,2.010000
25.562368,2.010125
25.565707,2.010250
25.565661,2.010250
25.565614,2.010250
25.565568,2.010250
25.565522,2.010250
25.565476,2.010250
25.565429,2.010250
25.565383,2.010250
25.568722,2.010250
25.572060,2.010250
25.575398,2.010250
25.578736,2.010250
25.578690,2.010250
25.582028,2.010250
25.585366,2.010250
25.585319,2.010250
25.585273,2.010250
25.585227,2.010250
25.585180,2.010250
25.585134,2.010250
25.585088,2.010250
25.585041,2.010250
25.584995,2.010125
25.584949,2.010000
25.584902,2.010000
25.584856,2.010000
25.588194,2.010000
25.594915,2.010000
25.601636,2.010000
25.608356,2.010000
25.611693,2.010000
25.611646,2.010000
25.611600,2.010000
25.611553,2.010000
25.611507,2.010000
25.611461,2.010000
25.611414,2.010000
25.614750,2.010000
25.618086,2.010000
25.618040,2.010000
25.617993,2.010000
25.617947,2.010000
25.617900,2.010000
25.617854,2.010000
25.621189,2.010125
25.624525,2.010250
25.624478,2.010250
25.624432,2.010250
25.627767,2.010250
25.631101,2.010250
25.631055,2.010250
25.634389,2.010250
25.641104,2.010250
25.644438,2.010250
25.644391,2.010250
25.647725,2.010375
25.651058,2.010500
25.651011,2.010500
25.654344,2.010500
25.657676,2.010500
25.657630,2.010500
25.657583,2.010500
25.657537,2.010500
25.660869,2.010500
25.667579,2.010500
25.674289,2.010500
25.677621,2.010500
25.677574,2.010500
25.677528,2.010500
25.680859,2.010500
25.687567,2.010500
25.690897,2.010500
25.690851,2.010500
25.690804,2.010500
25.690757,2.010500
25.690711,2.010500
25.690664,2.010500
25.693994,2.010500
25.697324,2.010500
25.697277,2.010500
25.697231,2.010500
25.697184,2.010500
25.697137,2.010500
25.697091,2.010500
25.697044,2.010500
25.700374,2.010500
25.707079,2.010500
25.710409,2.010500
25.710362,2.010500
25.713690,2.010625
25.717019,2.010750
25.720347,2.010750
25.723674,2.010750
25.727002,2.010750
25.730329,2.010750
25.733656,2.010750
25.736983,2.010750
25.740310,2.010750
25.743636,2.010750
25.743590,2.010750
25.746916,2.010750
25.750242,2.010750
25.753567,2.010750
25.756893,2.010750
25.756846,2.010750
25.760172,2.010750
25.763497,2.010750
25.763450,2.010750
25.766775,2.010750
25.770100,2.010750
25.770053,2.010750
25.773377,2.010750
25.780073,2.010750
25.783397,2.010750
25.786720,2.010750
25.790044,2.010750
25.789997,2.010750
25.789950,2.010750
25.789903,2.010750
25.789856,2.010750
25.789809,2.010750
25.789762,2.010750
25.789715,2.010750
25.793038,2.010750
25.796362,2.010750
25.796315,2.010750
25.799637,2.010750
25.802960,2.010750
25.802913,2.010750
25.802866,2.010750
25.806188,2.010750
25.812880,2.010750
25.816202,2.010750
25.819523,2.010750
25.822844,2.010750
25.826165,2.010750
25.829486,2.010750
25.829439,2.010750
25.832760,2.010750
25.836080,2.010750
25.839400,2.010750
25.842720,2.010750
25.846040,2.010750
25.852726,2.010750
25.859412,2.010750
25.866096,2.010750
25.869415,2.010750
25.869368,2.010750
25.872686,2.010875
25.879368,2.011000
25.882685,2.011000
25.882638,2.011000
25.882591,2.011000
25.885907,2.011000
25.892588,2.011000
25.899267,2.011000
25.905946,2.011000
25.909262,2.011000
25.909214,2.011000
25.912529,2.011000
25.915844,2.011000
25.915797,2.011000
25.915750,2.011000
25.919064,2.011000
25.925740,2.011000
25.932415,2.011000
25.935729,2.011000
25.935682,2.011000
25.938995,2.011000
25.942308,2.011000
25.945621,2.011000
25.948934,2.011000
25.948886,2.011000
25.952199,2.011000
25.958871,2.011000
25.962183,2.011000
25.962135,2.011000
25.962088,2.011000
25.962040,2.011000
25.965352,2.011000
25.968663,2.011000
25.968616,2.011000
25.971927,2.011000
25.978596,2.011000
25.981907,2.011000
25.985217,2.011125
25.988527,2.011250
25.991836,2.011250
25.995146,2.011250
25.995098,2.011250
25.995051,2.011250
25.995003,2.011250
25.994956,2.011250
25.994908,2.011250
25.998217,2.011250
26.004882,2.011250
26.008191,2.011250
26.011499,2.011375
26.018162,2.011500
26.024824,2.011500
26.028131,2.011500
26.028083,2.011500
26.031389,2.011500
26.038049,2.011500
26.041356,2.011500
26.044661,2.011500
26.047967,2.011500
26.047919,2.011500
26.047871,2.011500
26.047824,2.011500
26.047776,2.011500
26.047728,2.011500
26.047680,2.011500
26.047633,2.011500
26.047585,2.011500
26.047537,2.011500
26.050843,2.011500
26.054148,2.011375
26.054100,2.011250
26.054052,2.011250
26.054005,2.011250
26.057310,2.011250
26.063967,2.011250
26.067272,2.011250
26.067224,2.011250
26.067177,2.011250
26.067129,2.011250
26.067081,2.011250
26.067033,2.011250
26.066986,2.011250
26.066938,2.011250
26.066890,2.011250
26.066843,2.011250
26.070147,2.011250
26.076803,2.011250
26.080107,2.011250
26.080059,2.011250
26.080011,2.011250
26.079963,2.011250
26.079916,2.011250
26.079868,2.011250
26.079820,2.011250
26.079772,2.011250
26.079725,2.011250
26.079677,2.011250
26.079629,2.011250
26.079581,2.011250
26.079534,2.011250
26.079486,2.011250
26.079438,2.011250
26.079390,2.011250
26.079342,2.011250
26.082646,2.011250
26.085949,2.011250
26.085901,2.011250
26.085854,2.011250
26.085806,2.011250
26.085758,2.011250
26.085710,2.011250
26.085663,2.011250
26.088966,2.011250
26.092269,2.011250
26.092221,2.011250
26.092173,2.011250
26.092125,2.011250
26.092077,2.011250
26.092030,2.011250
26.091982,2.011250
26.095284,2.011250
26.101937,2.011250
26.105239,2.011250
26.108541,2.011250
26.115192,2.011250
26.118494,2.011250
26.121795,2.011250
26.128444,2.011250
26.131745,2.011250
26.131697,2.011250
26.134997,2.011250
26.138297,2.011250
26.138249,2.011250
26.141549,2.011250
26.144848,2.011250
26.144800,2.011250
26.148099,2.011250
26.154745,2.011250
26.161391,2.011250
26.168035,2.011250
26.171333,2.011250
26.171285,2.011250
26.171237,2.011250
26.174535,2.011250
26.177832,2.011250
26.181129,2.011250
26.187771,2.011250
26.191068,2.011250
26.191020,2.011250
26.190972,2.011250
26.194268,2.011250
26.197564,2.011250
26.200860,2.011250
26.204155,2.011250
26.204107,2.011250
26.204059,2.011250
26.207354,2.011250
26.213993,2.011250
26.217288,2.011250
26.217240,2.011250
26.220534,2.011250
26.223829,2.011250
26.223781,2.011250
26.227075,2.011250
26.233711,2.011250
26.240346,2.011250
26.243639,2.011250
26.243591,2.011250
26.243543,2.011250
26.246836,2.011250
26.250128,2.011250
26.250080,2.011250
26.250032,2.011250
26.249983,2.011250
26.249935,2.011250
26.253228,2.011250
26.259860,2.011250
26.263152,2.011250
26.263104,2.011250
26.266395,2.011375
26.273026,2.011500
26.276316,2.011500
26.279607,2.011500
26.286235,2.011500
26.292863,2.011500
26.296153,2.011500
26.296104,2.011500
26.296056,2.011500
26.296007,2.011500
26.295959,2.011500
26.299248,2.011500
26.302537,2.011500
26.305825,2.011500
26.309114,2.011500
26.309065,2.011500
26.309017,2.011500
26.308968,2.011500
26.312256,2.011500
26.315544,2.011500
26.318832,2.011500
26.322120,2.011500
26.325407,2.011625
26.328694,2.011750
26.331980,2.011750
26.338601,2.011875
26.341887,2.012000
26.345172,2.012000
26.351790,2.012000
26.358408,2.012000
26.361693,2.012000
26.361644,2.012000
26.361596,2.012000
26.361547,2.012000
26.361498,2.012000
26.364782,2.012000
26.371398,2.012000
26.374682,2.012000
26.377965,2.012000
26.381248,2.012000
26.381199,2.012000
26.381151,2.012000
26.384433,2.012000
26.391047,2.012000
26.394329,2.012000
26.394280,2.012000
26.394232,2.012000
26.394183,2.012000
26.397465,2.012000
26.404076,2.012000
26.407358,2.012000
26.407309,2.012000
26.407260,2.012000
26.410541,2.012000
26.413822,2.012000
26.413773,2.012000
26.413725,2.012000
26.417005,2.012000
26.423614,2.012000
26.426895,2.012000
26.426846,2.012000
26.430125,2.012000
26.433405,2.012000
26.433356,2.012000
26.433307,2.012000
26.433259,2.012000
26.433210,2.012000
26.433161,2.012000
26.433112,2.012000
26.433063,2.012000
26.436343,2.012000
26.439622,2.011875
26.442901,2.011750
26.446180,2.011750
26.446131,2.011750
26.446082,2.011750
26.446033,2.011750
26.445985,2.011750
26.449263,2.011750
26.455869,2.011875
26.459148,2.012000
26.459099,2.012000
26.459050,2.012000
26.459001,2.012000
26.462278,2.012125
26.465555,2.012250
26.465507,2.012250
26.465458,2.012250
26.465409,2.012250
26.465360,2.012250
26.465311,2.012250
26.465262,2.012250
26.465213,2.012250
26.465164,2.012250
26.468441,2.012250
26.471718,2.012250
26.471669,2.012250
26.474945,2.012250
26.481546,2.012250
26.488147,2.012250
26.491422,2.012250
26.491373,2.012250
26.494648,2.012375
26.497923,2.012500
26.501197,2.012500
26.504471,2.012500
26.504422,2.012500
26.504373,2.012500
26.504324,2.012500
26.507598,2.012500
26.514194,2.012500
26.520790,2.012500
26.527384,2.012500
26.530657,2.012500
26.530608,2.012500
26.533880,2.012500
26.537152,2.012500
26.540423,2.012625
26.547015,2.012750
26.553605,2.012750
26.556876,2.012750
26.556827,2.012750
26.560097,2.012750
26.563366,2.012750
26.566636,2.012750
26.573224,2.012750
26.579811,2.012750
26.583080,2.012750
26.583031,2.012750
26.582981,2.012750
26.586250,2.012750
26.589518,2.012750
26.592786,2.012750
26.599370,2.012750
26.602638,2.012750
26.605905,2.012750
26.609172,2.012750
26.609122,2.012750
26.609073,2.012750
26.609024,2.012750
26.608974,2.012750
26.608925,2.012750
26.612191,2.012750
26.615458,2.012750
26.615409,2.012625
26.615359,2.012500
26.615310,2.012500
26.618576,2.012500
26.625159,2.012500
26.631740,2.012500
26.635006,2.012500
26.638271,2.012500
26.641536,2.012500
26.641487,2.012500
26.644752,2.012500
26.648016,2.012500
26.647967,2.012500
26.651231,2.012500
26.654496,2.012500
26.654446,2.012500
26.657710,2.012500
26.660974,2.012500
26.660925,2.012500
26.660875,2.012500
26.664139,2.012500
26.667402,2.012500
26.667353,2.012500
26.670616,2.012500
26.673879,2.012500
26.677142,2.012500
26.683716,2.012500
26.690290,2.012500
26.693552,2.012500
26.693503,2.012500
26.696764,2.012500
26.703336,2.012500
26.706598,2.012500
26.706548,2.012500
26.706498,2.012500
26.706449,2.012500
26.706399,2.012500
26.706350,2.012500
26.706300,2.012500
26.706250,2.012500
26.706201,2.012500
26.709461,2.012500
26.712722,2.012500
26.715982,2.012500
26.722552,2.012500
26.725812,2.012500
26.729071,2.012500
26.735639,2.012500
26.738898,2.012500
26.738848,2.012500
26.738799,2.012500
26.738749,2.012500
26.738699,2.012500
26.741958,2.012500
26.745216,2.012500
26.748474,2.012500
26.751732,2.012500
26.754990,2.012500
26.758248,2.012500
26.761505,2.012500
26.764762,2.012500
26.764712,2.012500
26.764662,2.012500
26.767919,2.012500
26.771176,2.012500
26.771126,2.012500
26.771076,2.012500
26.771027,2.012500
26.774283,2.012500
26.780845,2.012500
26.784101,2.012500
26.784051,2.012500
26.784002,2.012500
26.787257,2.012500
26.790513,2.012500
26.790463,2.012500
26.790413,2.012500
26.790363,2.012500
26.790313,2.012500
26.790263,2.012500
26.790214,2.012500
26.790164,2.012500
26.790114,2.012500
26.790064,2.012500
26.790014,2.012500
26.789964,2.012500
26.789914,2.012500
26.793170,2.012500
26.796425,2.012500
26.799679,2.012500
26.806238,2.012500
26.809493,2.012500
26.809443,2.012500
26.809393,2.012500
26.809343,2.012500
26.812597,2.012500
26.815851,2.012500
26.815801,2.012500
26.815751,2.012500
26.815701,2.012500
26.818955,2.012500
26.825511,2.012500
26.832067,2.012500
26.835320,2.012500
26.835270,2.012500
26.835220,2.012500
26.835170,2.012500
26.838422,2.012500
26.844976,2.012500
26.848228,2.012500
26.851480,2.012500
26.858032,2.012500
26.861283,2.012500
26.861233,2.012500
26.861183,2.012500
26.861133,2.012500
26.864384,2.012500
26.867634,2.012500
26.867584,2.012500
26.867534,2.012500
26.867484,2.012500
26.870734,2.012500
26.873984,2.012500
26.873934,2.012500
26.877184,2.012500
26.883733,2.012500
26.890281,2.012500
26.893530,2.012500
26.893480,2.012500
26.896729,2.012500
26.903275,2.012500
26.909821,2.012625
26.913069,2.012750
26.913019,2.012750
26.916265,2.012750
26.922809,2.012750
26.929351,2.012750
26.935893,2.012750
26.939139,2.012750
26.942384,2.012750
26.945629,2.012750
26.945579,2.012625
26.948824,2.012500
26.952069,2.012500
26.952069,2.012500
26.961853,2.012500
26.968391,2.012500
26.971635,2.012500
26.974878,2.012500
26.981415,2.012500
26.984658,2.012500
26.984608,2.012500
26.984557,2.012500
26.987800,2.012500
26.991042,2.012500
26.994284,2.012500
26.997526,2.012500
27.000768,2.012500
27.004010,2.012500
27.003959,2.012500
27.003909,2.012500
27.003858,2.012500
27.007099,2.012500
27.010341,2.012500
27.010290,2.012500
27.013531,2.012500
27.016772,2.012500
27.020012,2.012500
27.023252,2.012500
27.023202,2.012500
27.023151,2.012500
27.026391,2.012500
27.032921,2.012500
27.036161,2.012500
27.036111,2.012500
27.039350,2.012500
27.042589,2.012500
27.042538,2.012500
27.042488,2.012500
27.042437,2.012500
27.042386,2.012500
27.045625,2.012500
27.052153,2.012500
27.058680,2.012500
27.065206,2.012500
27.071732,2.012500
27.074969,2.012500
27.078206,2.012500
27.081442,2.012500
27.081392,2.012500
27.081341,2.012500
27.081290,2.012500
27.081239,2.012500
27.084476,2.012500
27.087712,2.012500
27.087661,2.012500
27.090897,2.012500
27.097419,2.012500
27.103940,2.012500
27.110461,2.012500
27.113695,2.012500
27.113645,2.012500
27.113594,2.012500
27.113543,2.012500
27.113492,2.012500
27.113441,2.012500
27.113391,2.012500
27.113340,2.012500
27.116574,2.012500
27.119808,2.012500
27.123042,2.012500
27.129559,2.012500
27.136077,2.012500
27.139310,2.012500
27.142542,2.012500
27.145775,2.012500
27.145724,2.012500
27.148956,2.012500
27.155470,2.012500
27.158702,2.012500
27.158651,2.012500
27.161882,2.012500
27.165113,2.012500
27.165062,2.012500
27.168293,2.012500
27.171524,2.012500
27.171473,2.012500
27.171422,2.012500
27.171371,2.012500
27.171320,2.012500
27.171269,2.012500
27.174499,2.012500
27.177730,2.012500
27.180959,2.012500
27.187470,2.012500
27.193980,2.012500
27.200489,2.012500
27.203718,2.012500
27.206946,2.012500
27.210174,2.012500
27.210123,2.012500
27.210072,2.012500
27.213300,2.012500
27.216528,2.012500
27.216476,2.012500
27.216425,2.012500
27.219653,2.012500
27.226158,2.012500
27.229386,2.012500
27.232612,2.012500
27.235839,2.012500
27.235787,2.012500
27.235736,2.012500
27.238962,2.012500
27.245466,2.012500
27.251968,2.012500
27.255194,2.012500
27.258418,2.012500
27.261643,2.012500
27.264867,2.012625
27.271367,2.012750
27.277865,2.012750
27.281089,2.012750
27.281037,2.012750
27.280986,2.012750
27.280935,2.012750
27.284157,2.012750
27.290654,2.012750
27.297150,2.012750
27.300372,2.012750
27.300321,2.012750
27.300270,2.012750
27.300218,2.012750
27.300167,2.012750
27.300115,2.012750
27.300064,2.012750
27.300013,2.012750
27.299961,2.012750
27.299910,2.012750
27.299859,2.012750
27.303080,2.012750
27.306302,2.012750
27.309523,2.012750
27.312744,2.012750
27.312693,2.012750
27.315913,2.012750
27.322406,2.012750
27.325626,2.012750
27.328846,2.012750
27.335337,2.012750
27.338557,2.012750
27.338505,2.012750
27.341724,2.012750
27.348214,2.012750
27.354702,2.012750
27.357921,2.012750
27.361139,2.012750
27.364356,2.012750
27.364305,2.012750
27.364253,2.012750
27.367471,2.012750
27.370688,2.012750
27.370636,2.012750
27.370585,2.012750
27.370533,2.012750
27.370482,2.012750
27.370430,2.012750
27.370378,2.012750
27.370327,2.012750
27.373544,2.012750
27.380029,2.012750
27.386514,2.012875
27.389730,2.013000
27.389678,2.013000
27.389626,2.013000
27.389575,2.013000
27.392790,2.013000
27.396005,2.013000
27.399220,2.013000
27.402435,2.013000
27.402384,2.013000
27.402332,2.013000
27.402280,2.013000
27.402229,2.013000
27.405443,2.013000
27.408658,2.013000
27.411872,2.013000
27.415086,2.013000
27.415034,2.013000
27.418248,2.013000
27.421461,2.013000
27.421410,2.013000
27.421358,2.013000
27.421306,2.013000
27.421254,2.013000
27.424468,2.013000
27.427681,2.013000
27.427629,2.013000
27.427577,2.013000
27.430790,2.013000
27.434003,2.013000
27.433951,2.012875
27.437164,2.012750
27.443641,2.012750
27.446854,2.012750
27.446802,2.012750
27.450014,2.012750
27.453226,2.012750
27.456438,2.012750
27.459649,2.012750
27.459597,2.012750
27.459546,2.012750
27.459494,2.012750
27.459442,2.012750
27.459390,2.012750
27.459338,2.012750
27.459286,2.012750
27.459235,2.012750
27.462446,2.012750
27.465657,2.012750
27.465605,2.012750
27.465553,2.012750
27.468764,2.012750
27.471975,2.012750
27.471923,2.012750
27.475133,2.012750
27.478343,2.012750
27.478292,2.012750
27.478240,2.012750
27.478188,2.012750
27.478136,2.012750
27.478084,2.012750
27.478032,2.012750
27.477980,2.012750
27.477928,2.012750
27.477877,2.012750
27.481086,2.012875
27.487557,2.013000
27.494027,2.013000
27.497236,2.013000
27.500445,2.013000
27.503653,2.013000
27.503601,2.013000
27.506809,2.013000
27.510017,2.013000
27.513224,2.013000
27.516432,2.013000
27.516380,2.013000
27.516328,2.013000
27.516276,2.013000
27.516224,2.013000
27.516172,2.013000
27.516120,2.013000
27.516068,2.013000
27.516016,2.013000
27.519223,2.013000
27.522430,2.013000
27.525637,2.013000
27.532102,2.013000
27.538566,2.013000
27.541772,2.013000
27.541720,2.013000
27.541668,2.013000
27.541616,2.013000
27.541564,2.013000
27.541512,2.013000
27.541460,2.013000
27.541408,2.013000
27.544613,2.013000
27.547819,2.013000
27.551024,2.013000
27.554229,2.013000
27.554176,2.013000
27.554124,2.013000
27.554072,2.013000
27.554020,2.013000
27.553968,2.013000
27.553916,2.013000
27.557121,2.013000
27.560325,2.013000
27.560273,2.013000
27.560221,2.013000
27.563425,2.013000
27.566629,2.013000
27.566577,2.013000
27.569781,2.013000
27.576240,2.013000
27.579444,2.013000
27.579392,2.013000
27.579340,2.013000
27.582543,2.013000
27.589000,2.013000
27.595458,2.013000
27.598660,2.013000
27.598608,2.013000
27.598556,2.013000
27.598503,2.013000
27.601705,2.013000
27.604907,2.013000
27.608108,2.013000
27.611309,2.013000
27.611257,2.013000
27.611205,2.013000
27.611152,2.013000
27.614353,2.013000
27.620807,2.013000
27.624008,2.013000
27.627208,2.013000
27.630408,2.013000
27.630356,2.013000
27.633555,2.013000
27.636755,2.013000
27.636703,2.013000
27.636650,2.013000
27.636598,2.013000
27.639797,2.013000
27.646248,2.013000
27.649447,2.013000
27.652645,2.013000
27.655843,2.013000
27.655791,2.013000
27.655739,2.013000
27.658937,2.013000
27.665385,2.013000
27.668583,2.013000
27.668530,2.013000
27.671727,2.013000
27.674924,2.013000
27.674872,2.013000
27.674819,2.013000
27.678016,2.013000
27.681213,2.013000
27.684409,2.013000
27.687606,2.013000
27.687553,2.013000
27.687501,2.013000
27.687448,2.013000
27.687396,2.013000
27.687343,2.013000
27.690539,2.013000
27.693735,2.013000
27.696930,2.013000
27.700126,2.013000
27.700073,2.013000
27.700021,2.013000
27.699968,2.013000
27.703163,2.013000
27.709606,2.013000
27.716048,2.013000
27.722489,2.013000
27.725683,2.013000
27.728877,2.013000
27.735316,2.013000
27.738509,2.013000
27.738456,2.013000
27.738404,2.013000
27.738351,2.013000
27.738298,2.013000
27.741491,2.013000
27.744684,2.013000
27.747876,2.013000
27.754313,2.013000
27.760749,2.013000
27.763940,2.013000
27.767131,2.013000
27.773566,2.013000
27.776757,2.013000
27.779947,2.013000
27.786379,2.013000
27.792812,2.013000
27.796001,2.013000
27.795948,2.013000
27.799137,2.013000
27.802326,2.013000
27.802273,2.013000
27.805462,2.013000
27.811891,2.013000
27.818320,2.013000
27.821508,2.013000
27.821455,2.013000
27.821402,2.013000
27.821349,2.013000
27.821296,2.013000
27.824483,2.013000
27.827671,2.013000
27.827618,2.013000
27.830805,2.013000
27.837231,2.013000
27.840417,2.013000
27.840365,2.013000
27.840312,2.013000
27.843498,2.013000
27.846684,2.013000
27.846631,2.013000
27.846578,2.013000
27.846525,2.013000
27.849710,2.013000
27.856134,2.013125
27.862556,2.013375
27.865741,2.013375
27.868925,2.013250
27.872109,2.013250
27.872056,2.013250
27.872002,2.013250
27.875186,2.013250
27.878370,2.013250
27.878316,2.013250
27.878263,2.013250
27.878210,2.013250
27.878157,2.013250
27.878104,2.013250
27.878051,2.013250
27.881234,2.013250
27.887653,2.013250
27.894072,2.013250
27.897254,2.013250
27.900436,2.013250
27.903618,2.013250
27.903565,2.013250
27.903512,2.013250
27.903459,2.013250
27.903406,2.013250
27.906587,2.013250
27.909768,2.013250
27.912950,2.013250
27.916131,2.013250
27.919311,2.013250
27.922492,2.013250
27.922439,2.013250
27.925619,2.013250
27.932032,2.013250
27.938445,2.013250
27.941625,2.013250
27.941572,2.013250
27.941518,2.013250
27.941465,2.013250
27.941412,2.013250
27.941359,2.013250
27.941305,2.013250
27.944484,2.013250
27.950895,2.013250
27.957306,2.013250
27.960484,2.013250
27.960431,2.013250
27.963609,2.013250
27.966786,2.013250
27.966733,2.013250
27.966680,2.013250
27.966627,2.013250
27.969804,2.013250
27.976212,2.013250
27.979389,2.013250
27.979335,2.013250
27.982512,2.013250
27.988918,2.013250
27.992095,2.013250
27.992041,2.013250
27.991988,2.013250
27.991934,2.013250
27.991881,2.013250
27.991828,2.013250
27.991774,2.013250
27.991721,2.013250
27.994897,2.013250
27.998072,2.013250
27.998019,2.013250
27.997965,2.013250
28.001141,2.013250
28.004316,2.013250
28.007491,2.013250
28.013894,2.013250
28.017069,2.013250
28.020243,2.013250
28.023417,2.013250
28.023363,2.013250
28.026537,2.013250
28.029711,2.013250
28.029657,2.013250
28.032830,2.013250
28.039230,2.013250
28.045629,2.013250
28.052028,2.013250
28.058425,2.013250
28.064822,2.013250
28.067994,2.013250
28.067940,2.013250
28.071111,2.013250
28.074282,2.013250
28.074228,2.013250
28.077398,2.013250
28.080569,2.013250
28.083739,2.013250
28.086909,2.013250
28.090078,2.013250
28.096471,2.013250
28.102863,2.013250
28.106031,2.013250
28.105978,2.013250
28.105924,2.013250
28.105870,2.013250
28.105816,2.013250
28.108985,2.013250
28.112153,2.013250
28.115321,2.013250
28.121710,2.013250
28.124878,2.013250
28.124824,2.013125
28.127992,2.013000
28.131159,2.013000
28.131105,2.013000
28.134272,2.013000
28.137439,2.013000
28.137386,2.013000
28.137332,2.013000
28.137278,2.013000
28.140445,2.013000
28.143611,2.013000
28.143557,2.013000
28.146724,2.013000
28.153110,2.013000
28.156276,2.013000
28.156222,2.013000
28.156168,2.013000
28.159333,2.013000
28.165718,2.013000
28.168883,2.013000
28.168829,2.013000
28.168775,2.013000
28.171940,2.013000
28.178323,2.013000
28.184705,2.013000
28.187869,2.013000
28.187815,2.013000
28.187761,2.013000
28.187707,2.013000
28.187653,2.013000
28.187599,2.013000
28.187545,2.013000
28.190708,2.013125
28.193872,2.013250
28.193818,2.013250
28.193764,2.013250
28.196926,2.013250
28.200089,2.013250
28.200035,2.013250
28.203197,2.013250
28.209575,2.013375
28.212737,2.013500
28.215898,2.013500
28.222273,2.013500
28.228648,2.013500
28.231809,2.013500
28.234969,2.013500
28.238128,2.013500
28.238074,2.013500
28.238020,2.013500
28.241179,2.013500
28.244339,2.013500
28.247498,2.013500
28.253869,2.013500
28.257028,2.013500
28.256974,2.013500
28.260132,2.013500
28.266502,2.013500
28.272872,2.013500
28.279240,2.013500
28.282397,2.013500
28.285554,2.013625
28.291920,2.013750
28.298285,2.013750
28.301441,2.013750
28.304596,2.013750
28.307750,2.013750
28.310905,2.013750
28.317268,2.013750
28.323630,2.013750
28.329991,2.013750
28.336352,2.013750
28.339505,2.013625
28.339451,2.013500
28.339396,2.013500
28.339342,2.013500
28.342494,2.013500
28.345647,2.013500
28.345593,2.013500
28.345538,2.013500
28.348691,2.013500
28.351843,2.013500
28.351788,2.013500
28.354940,2.013500
28.361298,2.013500
28.364450,2.013500
28.364396,2.013500
28.364341,2.013500
28.367492,2.013500
28.370643,2.013500
28.373794,2.013500
28.380149,2.013625
28.383300,2.013750
28.383245,2.013750
28.386394,2.013875
28.389544,2.014000
28.392692,2.014000
28.395841,2.014000
28.398989,2.014000
28.402138,2.014000
28.402083,2.014000
28.402028,2.014000
28.401974,2.014000
28.401919,2.014000
28.405067,2.014000
28.408215,2.014000
28.411362,2.014125
28.414510,2.014250
28.417656,2.014250
28.420803,2.014250
28.423949,2.014375
28.430295,2.014500
28.433441,2.014500
28.433386,2.014500
28.433332,2.014500
28.436477,2.014500
28.442821,2.014500
28.445966,2.014500
28.449110,2.014500
28.455453,2.014500
28.461796,2.014500
28.468137,2.014500
28.471280,2.014500
28.471225,2.014500
28.474368,2.014625
28.477510,2.014750
28.477455,2.014750
28.477401,2.014750
28.477346,2.014750
28.480488,2.014750
28.483629,2.014750
28.483575,2.014750
28.486716,2.014750
28.489857,2.014750
28.489803,2.014750
28.492943,2.014875
28.499279,2.015000
28.502420,2.015000
28.505544,2.015000
28.511827,2.014999
28.518050,2.014997
28.524192,2.014993
28.530254,2.014988
28.536238,2.014988
28.542144,2.014979
28.547973,2.014970
28.553727,2.014970
28.559406,2.014970
28.565012,2.014970
28.570545,2.014970
28.576006,2.014970
28.581396,2.014951
28.586717,2.014912
28.591969,2.014870
28.597153,2.014825
28.602270,2.014802
28.607321,2.014802
28.612306,2.014775
28.617227,2.014748
28.622085,2.014719
28.626879,2.014690
28.631612,2.014658
28.636284,2.014626
28.640895,2.014626
28.645447,2.014591
28.649940,2.014520
28.654375,2.014446
28.658753,2.014408
28.663074,2.014408
28.667340,2.014367
28.671550,2.014327
28.675707,2.014327
28.679809,2.014327
28.683859,2.014282
28.687857,2.014237
28.691803,2.014190
28.695698,2.014143
28.699543,2.014094
28.703339,2.013995
28.707086,2.013894
28.710785,2.013792
28.714436,2.013687
28.718040,2.013635
28.721598,2.013635
28.725110,2.013635
28.728577,2.013578
28.731999,2.013522
28.735378,2.013522
28.738712,2.013522
28.742004,2.013462
28.745254,2.013342
28.748462,2.013220
28.751628,2.013159
28.754754,2.013096
28.757840,2.013033
28.760886,2.013033
28.763893,2.013033
28.766862,2.012967
28.769792,2.012901
28.772684,2.012834
28.775540,2.012766
28.778358,2.012766
28.781141,2.012766
28.783888,2.012766
28.786599,2.012766
28.789275,2.012766
28.791917,2.012766
28.794526,2.012766
28.797100,2.012766
28.799642,2.012692
28.802150,2.012618
28.804627,2.012618
28.807072,2.012618
28.809485,2.012618
28.811868,2.012618
28.814220,2.012540
28.815360,2.012212
28.816479,2.011883
28.818764,2.011804
28.821028,2.011804
28.823263,2.011724
28.825470,2.011644
28.827648,2.011562
28.829798,2.011399
28.830839,2.011067
28.831859,2.010734
28.833949,2.010569
28.836019,2.010402
28.838063,2.010235
28.840081,2.010151
28.842073,2.010151
28.844039,2.010065
28.845980,2.009980
28.847897,2.009980
28.849788,2.009893
28.851656,2.009718
28.853500,2.009631
28.855319,2.009631
28.857116,2.009631
28.858890,2.009542
28.859743,2.009202
28.860579,2.008862
28.862303,2.008773
28.864011,2.008682
28.865697,2.008591
28.867361,2.008500
28.869004,2.008317
28.870626,2.008225
28.872227,2.008225
28.873807,2.008225
28.875368,2.008131
28.876908,2.008038
28.878429,2.008038
28.879930,2.008038
28.881411,2.007818
28.882874,2.007503
28.884319,2.007407
28.885745,2.007311
28.887152,2.007215
28.888542,2.007215
28.889914,2.007215
28.891268,2.007215
28.892604,2.007215
28.893240,2.006965
28.893864,2.006715
28.895163,2.006715
28.896450,2.006715
28.897720,2.006715
28.898975,2.006715
28.900213,2.006715
28.901435,2.006615
28.902014,2.006265
28.902581,2.005914
28.903770,2.005814
28.904947,2.005814
28.906108,2.005713
28.907255,2.005612
28.908388,2.005612
28.909506,2.005612
28.910609,2.005612
28.911698,2.005612
28.912773,2.005612
28.913835,2.005508
28.914883,2.005405
28.915917,2.005405
28.916938,2.005301
28.917947,2.005197
28.918942,2.005197
28.919924,2.005092
28.920894,2.004883
28.921852,2.004778
28.922797,2.004672
28.923730,2.004567
28.924651,2.004567
28.925561,2.004567
28.926458,2.004567
28.927345,2.004460
28.928220,2.004247
28.929083,2.004033
28.929936,2.003926
28.930778,2.003926
28.931609,2.003926
28.932429,2.003818
28.933239,2.003710
28.934038,2.003602
28.934828,2.003493
28.935607,2.003493
28.936376,2.003384
28.937135,2.003276
28.937885,2.003276
28.938625,2.003276
28.939355,2.003276
28.940076,2.003276
28.940788,2.003166
28.941491,2.002945
28.942184,2.002835
28.942869,2.002725
28.943545,2.002503
28.944213,2.002282
28.944872,2.002171
28.945523,2.002060
28.946165,2.001948
28.946799,2.001948
28.947425,2.001948
28.948042,2.001948
28.948652,2.001836
28.949254,2.001612
28.949849,2.001388
28.950436,2.001163
28.951015,2.000938
28.951587,2.000713
28.952152,2.000600
28.952709,2.000600
28.953260,2.000600
28.953803,2.000600
28.954339,2.000600
28.954868,2.000600
28.955391,2.000600
28.955907,2.000486
28.956416,2.000372
28.956919,2.000258
28.957415,2.000144
28.957905,2.000030
28.958389,1.999801
28.958866,1.999686
28.959337,1.999686
28.959803,1.999686
28.960262,1.999571
28.960716,1.999456
28.961163,1.999341
28.961605,1.999111
28.962041,1.998995
28.962472,1.998995
28.962897,1.998995
28.963317,1.998880
28.963731,1.998764
28.964140,1.998648
28.964544,1.998532
28.964943,1.998532
28.965336,1.998532
28.965724,1.998532
28.966108,1.998532
28.966486,1.998532
28.966860,1.998532
28.967229,1.998415
28.967593,1.998299
28.967952,1.998182
28.968307,1.998065
28.968657,1.997948
28.969003,1.997831
28.969345,1.997713
28.964859,1.997936
28.960401,1.998277
28.960821,1.998277
28.961268,1.998277
28.961708,1.998277
28.962143,1.998161
28.962573,1.997930
28.962997,1.997699
28.963416,1.997583
28.963829,1.997583
28.959416,1.997925
28.955028,1.998267
28.955518,1.998153
28.956032,1.998039
28.956541,1.998039
28.957042,1.998039
28.957537,1.998039
28.958026,1.998039
28.958509,1.998039
28.958985,1.998039
28.959455,1.998039
28.959920,1.998039
28.960378,1.998039
28.960830,1.998039
28.961277,1.997924
28.961717,1.997693
28.962153,1.997578
28.962582,1.997578
28.963006,1.997462
28.958603,1.997689
28.954225,1.998030
28.954725,1.998030
28.955250,1.998030
28.955769,1.998030
28.956280,1.997916
28.956785,1.997803
28.957284,1.997688
28.957776,1.997574
28.958262,1.997574
28.958742,1.997574
28.959215,1.997459
28.959683,1.997230
28.955322,1.997458
28.950987,1.997800
28.951529,1.997800
28.952095,1.997800
28.952654,1.997687
28.953206,1.997461
28.953750,1.997235
28.954288,1.997008
28.954819,1.996895
28.955343,1.996781
28.955861,1.996553
28.956372,1.996326
28.952053,1.996555
28.942937,1.997243
28.938730,1.997588
28.939430,1.997588
28.940152,1.997478
28.940865,1.997368
28.941568,1.997368
28.942263,1.997368
28.942949,1.997368
28.943626,1.997368
28.944294,1.997368
28.944953,1.997368
28.945604,1.997368
28.946247,1.997368
28.946882,1.997368
28.947508,1.997368
28.948126,1.997368
28.948736,1.997368
28.949339,1.997256
28.949933,1.997031
28.950520,1.996806
28.951100,1.996694
28.951672,1.996581
28.947415,1.996813
28.943181,1.997158
28.943824,1.997047
28.944489,1.996936
28.945146,1.996936
28.945795,1.996936
28.946436,1.996936
28.947068,1.996936
28.947692,1.996824
28.948308,1.996601
28.948916,1.996489
28.944695,1.996834
28.940497,1.997179
28.941174,1.997179
28.941873,1.997179
28.942564,1.997179
28.943246,1.997179
28.943919,1.997179
28.944584,1.997179
28.945239,1.997068
28.945887,1.996846
28.946526,1.996735
28.947157,1.996735
28.947780,1.996735
28.948395,1.996735
28.949002,1.996735
28.949601,1.996735
28.950192,1.996735
28.950776,1.996735
28.951353,1.996735
28.947100,1.997079
28.942871,1.997424
28.943518,1.997424
28.944187,1.997313
28.944848,1.997202
28.945500,1.997091
28.946145,1.996980
28.946780,1.996868
28.947408,1.996645
28.948028,1.996533
28.943818,1.996879
28.939632,1.997224
28.940320,1.997115
28.941031,1.997005
28.941732,1.997005
28.942425,1.997005
28.943109,1.997005
28.943784,1.997005
28.944450,1.997005
28.945108,1.996894
28.945757,1.996782
28.946398,1.996782
28.947031,1.996782
28.947655,1.996671
28.948272,1.996447
28.944059,1.996681
28.939868,1.996915
28.940554,1.996694
28.941262,1.996584
28.941961,1.996584
28.942650,1.996474
28.943332,1.996363
28.944004,1.996252
28.939846,1.996488
28.935711,1.996835
28.936449,1.996835
28.937210,1.996835
28.937961,1.996835
28.938702,1.996835
28.939434,1.996725
28.940157,1.996505
28.940870,1.996285
28.941574,1.996175
28.942269,1.996175
28.942955,1.996175
28.938811,1.996522
28.934689,1.996869
28.935441,1.996869
28.936215,1.996869
28.936979,1.996869
28.937733,1.996869
28.938477,1.996869
28.939212,1.996869
28.939937,1.996759
28.940653,1.996540
28.941360,1.996430
28.942057,1.996319
28.942746,1.996209
28.943426,1.996209
28.944097,1.996098
28.939938,1.996334
28.935801,1.996680
28.936539,1.996571
28.937298,1.996462
28.938048,1.996462
28.938789,1.996462
28.939519,1.996462
28.940241,1.996462
28.940953,1.996352
28.941656,1.996132
28.942350,1.996022
28.943035,1.995911
28.938889,1.996147
28.934765,1.996384
28.935517,1.996275
28.936290,1.996275
28.937053,1.996275
28.937806,1.996165
28.938550,1.996056
28.939284,1.995947
28.935187,1.996185
28.931112,1.996532
28.931910,1.996532
28.932729,1.996424
28.933538,1.996316
28.934337,1.996316
28.935125,1.996316
28.935903,1.996316
28.936671,1.996316
28.937429,1.996316
28.938178,1.996207
28.938917,1.995988
28.939646,1.995879
28.935545,1.996226
28.931465,1.996574
28.932258,1.996574
28.933073,1.996574
28.933878,1.996466
28.934672,1.996249
28.935456,1.996032
28.936230,1.995923
28.936994,1.995923
28.937748,1.995814
28.938493,1.995595
28.934405,1.995834
28.930340,1.996182
28.931148,1.996182
28.931977,1.996074
28.932796,1.995858
28.933604,1.995750
28.934402,1.995750
28.935190,1.995750
28.935967,1.995750
28.936735,1.995750
28.932671,1.996099
28.928629,1.996339
28.929459,1.996123
28.930310,1.996016
28.931151,1.995909
28.931980,1.995801
28.932799,1.995693
28.933607,1.995585
28.934405,1.995477
28.930371,1.995717
28.926358,1.996066
28.927218,1.995960
28.928098,1.995853
28.928967,1.995853
28.929824,1.995853
28.930671,1.995853
28.931507,1.995853
28.932332,1.995853
28.933146,1.995745
28.933950,1.995637
28.934744,1.995637
28.930706,1.995986
28.926689,1.996335
28.927544,1.996228
28.928420,1.996014
28.929284,1.995908
28.930138,1.995908
