18450
5410
11452
7320
10354
6846
9681
7014
13044
14859
6663
8524
5936
6392
23827
7166
10119
10905
11995
12316
4627
5069
10204
5094
3685
17536
8598
13985
4975
5144
7070
5282
5538
6149
6176
8937
13217
4249
6872
8030
6496
7417
10200
4824
4688
23587
8232
5021
4841
6084
6061
8899
12828
8480
32649
2264
9623
18472
7850
6788
10151
2922
8271
5338
3447
3906
11834
4568
3490
6326
8999
6447
5013
5805
7018
7627
13648
7950
7149
6114
8925
5410
4935
7700
6538
10025
10914
11523
6498
6131
5833
8597
3442
3435
18621
10774
4452
5525
6357
3148
12495
3781
8037
9480
4485
3852
8783
2947
3993
7561
6347
13282
12586
6436
6198
3939
30399
5638
8614
9156
4122
13171
5138
3355
5889
5617
4689
10505
10126
4878
2513
5400
6253
5247
7869
4901
9979
16447
7854
11981
4844
6090
7391
6474
8501
6792
8431
6582
16344
6237
8394
6557
4971
3888
11309
4005
5487
9024
8985
4768
3889
12518
7792
3655
4547
4756
4783
3143
5906
6110
13040
9824
3693
6384
8173
3566
5828
7290
6882
10282
9710
2963
14907
3177
10849
8480
6847
3795
5620
3264
5724
7081
4740
5249
9783
7895
4860
4536
9267
3200
5663
5186
4776
7844
4933
4022
5848
9205
5019
6669
8139
8388
6687
7262
6457
2919
6501
5112
8957
17965
11369
7480
5181
4599
22935
6776
8340
4649
4605
5237
4758
4452
3119
11686
5493
2100
3880
5650
7489
3526
6789
5294
13355
4179
5999
5231
5088
7867
10434
5873
8322
12124
5362
5394
6445
6290
4728
10148
24957
2916
7647
3154
2469
1693
4180
6651
7021
6188
5023
11564
8170
2886
4340
6412
2753
7700
5966
7637
9163
19496
3128
3177
4997
2100
3841
3930
11333
10920
6113
6307
11571
4250
39676
7465
5227
5742
4482
6969
3994
3150
3789
13061
9444
39453
5402
2574
6763
5251
5178
6213
6016
4587
3832
2863
9774
3255
2094
5266
5099
9340
7098
5900
8103
12373
3832
3581
22902
10985
2476
2339
8606
4581
6920
6717
8709
4874
5285
7199
6295
4054
5762
9026
8616
7854
4379
6705
4844
9269
3856
10980
11844
8522
7275
7082
8531
5536
8288
5718
10178
4974
3566
4491
6458
3684
2642
6027
5576
3950
13680
5779
8103
9249
4382
4943
4010
5259
3953
11010
10235
2871
4846
4898
3375
8295
4297
4257
13748
4414
5274
5428
4518
4879
8370
5502
9379
11540
5691
5531
6783
5029
6679
6568
5714
8769
2082
11169
5594
3199
6828
6548
7308
4186
5741
3642
10263
4095
4717
6683
5096
3511
5628
27377
3202
3747
11897
4172
4334
3655
9175
8648
7847
10346
7122
4952
5625
4831
3036
7523
6942
3116
4125
4209
2512
4554
5413
3344
6951
10241
11976
5900
1711
4325
8425
8479
10151
7080
5637
6145
18674
3070
4613
6126
3674
3899
2525
3868
7237
2756
6328
9722
9058
3602
12752
4605
13356
3564
19587
8949
2209
3479
4453
10632
6711
5596
4506
2491
6712
6818
7616
6328
3782
2237
5671
6268
8303
3539
6240
5943
4636
14675
18498
6778
7975
6777
17258
5593
4112
7107
5761
6344
9826
5651
6286
8240
8068
4282
4720
9668
2135
5511
3894
7167
5640
10723
7223
7758
18204
5836
13851
6870
2365
12071
3313
4268
10386
4785
6567
7025
5280
3301
8141
5940
8543
7576
5421
5481
10590
3726
6136
8187
11932
9051
7780
12384
2788
5213
5592
8435
11016
3977
3533
3703
9473
3336
2177
3991
5567
2965
4671
4549
3002
10865
4502
6457
3227
4307
6583
15603
3633
3492
11431
3619
11261
4127
6499
5943
9042
2241
4582
9836
3094
3569
6551
2641
3716
10196
5113
5171
10518
3141
7149
6231
8908
7746
9314
5650
7903
4907
9567
8744
9653
4424
5362
8401
6043
6409
5187
6213
4370
43930
6327
5847
10865
3414
5119
9552
8099
6961
5014
5681
10209
7565
10847
6305
10298
5943
6489
5835
4038
4264
6625
5549
9004
7129
6626
8249
6892
5509
5409
7650
7172
2148
14121
4292
3419
5535
4937
14533
16311
4494
3534
5936
3836
3250
13452
7008
9413
13010
3500
4121
20277
2668
6444
3782
20828
4116
8760
4853
4913
9163
5088
6316
7167
5437
8050
8895
5515
5619
13332
6121
1555
3423
7830
9197
13299
5402
6282
10276
2755
5000
3848
6457
2054
9648
5423
1997
11786
6085
2846
5658
5790
3381
7273
6617
11518
9344
5431
4459
5034
4648
6100
10736
3859
6044
12513
2136
10986
4075
6136
3489
11858
7160
5933
13886
9357
4131
5614
4169
2319
6054
6381
5924
12174
3869
2694
5794
8767
4783
8518
6881
2241
10677
5864
4655
7199
3147
6381
9862
12418
4488
7924
5613
5371
5458
8381
2061
7200
7231
6508
10451
5515
7507
9394
6279
4694
7916
7210
5863
4091
7099
3483
4559
6403
8913
7341
3427
19529
3204
9331
3780
4684
3479
4703
6992
9727
3850
13026
7793
2049
3253
4999
6534
10639
5648
3307
10305
9123
6061
4062
5102
3383
8552
6449
4674
13207
4828
6652
5506
3251
4054
4701
3344
3527
11856
6451
2528
4030
5598
6675
8275
6401
5208
6613
7831
4380
5220
6481
5974
9618
5738
7186
2502
3732
6470
41632
10016
3214
7236
4226
5567
11561
4517
8225
7476
4081
7757
39962
5605
9621
1521
6368
5334
5184
8056
6625
1821
4161
5024
5099
8037
6808
4642
14509
2070
13015
3214
6518
7025
3123
4129
6778
9625
15598
5494
9222
2670
5665
17067
4873
4706
4856
3665
6741
6742
11348
8548
6353
5057
4103
8827
7850
5344
17893
28263
8656
12081
6188
4694
15512
7177
3230
5531
7790
7966
8870
4295
8734
4398
3849
4985
6764
6248
14289
3716
6115
5189
15003
3258
15373
6006
5885
7948
8626
5898
5302
4329
6169
8546
3589
6486
8078
6278
4403
4827
5056
4586
9027
5167
9031
24108
3312
4304
7752
3018
7723
5603
7341
10990
29041
38872
9728
1613
3149
4240
5279
2662
5133
3991
4269
4717
6105
2926
24299
6011
8651
12025
8602
6348
5051
16612
7240
3955
5484
2856
12501
9901
1944
3289
10541
5837
8476
4197
6390
16520
9370
5668
2725
4015
4096
12144
